# age_bp	solar_modulation_potential_mev
305	386.0
306	404.0
307	423.8
308	442.4
309	461.2
310	473.6
311	484.6
312	495.8
313	507.2
314	519.0
315	538.0
316	549.8
317	559.4
318	569.0
319	579.0
320	589.6
321	606.6
322	626.6
323	644.6
324	661.8
325	668.0
326	662.4
327	654.8
328	649.0
329	646.4
330	651.8
331	658.2
332	665.0
333	672.2
334	679.8
335	686.6
336	701.6
337	720.8
338	739.2
339	757.6
340	800.2
341	832.4
342	862.0
343	890.6
344	913.8
345	916.4
346	916.4
347	916.2
348	914.0
349	910.2
350	909.8
351	878.2
352	846.0
353	819.8
354	795.2
355	767.6
356	753.2
357	742.6
358	732.2
359	722.4
360	708.4
361	689.4
362	670.2
363	652.8
364	638.2
365	629.2
366	626.0
367	624.4
368	622.8
369	622.8
370	623.6
371	628.0
372	632.8
373	636.4
374	637.4
375	634.8
376	626.8
377	618.8
378	610.6
379	602.4
380	590.6
381	576.2
382	562.2
383	549.4
384	538.6
385	537.0
386	541.2
387	544.8
388	547.4
389	548.2
390	545.8
391	544.8
392	543.0
393	540.4
394	537.0
395	529.6
396	513.6
397	494.6
398	477.0
399	460.0
400	445.8
401	436.8
402	429.4
403	422.0
404	414.6
405	407.0
406	402.0
407	397.8
408	393.4
409	389.4
410	382.8
411	373.8
412	364.4
413	354.8
414	345.8
415	331.8
416	318.2
417	305.6
418	294.6
419	285.2
420	275.8
421	269.6
422	265.0
423	261.6
424	260.2
425	260.8
426	268.4
427	276.2
428	283.6
429	290.6
430	297.4
431	304.2
432	310.8
433	317.4
434	322.8
435	331.0
436	337.6
437	342.2
438	346.2
439	349.2
440	351.2
441	352.6
442	352.6
443	352.6
444	352.2
445	350.2
446	344.6
447	337.2
448	329.8
449	322.4
450	313.4
451	305.0
452	297.0
453	290.0
454	283.0
455	276.4
456	271.0
457	266.4
458	262.2
459	258.2
460	257.4
461	257.6
462	258.6
463	259.6
464	261.0
465	262.2
466	263.6
467	264.8
468	265.0
469	265.0
470	263.0
471	259.2
472	255.2
473	250.6
474	246.0
475	241.0
476	236.2
477	231.4
478	226.8
479	222.4
480	219.0
481	218.2
482	217.4
483	216.6
484	215.8
485	214.6
486	213.4
487	212.0
488	210.2
489	208.2
490	202.0
491	194.4
492	187.6
493	181.0
494	175.0
495	168.4
496	162.0
497	156.4
498	151.6
499	148.4
500	147.6
501	150.4
502	154.2
503	158.4
504	162.8
505	168.2
506	175.2
507	183.2
508	190.8
509	198.6
510	207.8
511	216.6
512	224.8
513	232.4
514	240.2
515	248.0
516	255.4
517	262.6
518	269.4
519	275.6
520	281.6
521	285.4
522	288.8
523	292.0
524	295.2
525	296.6
526	297.6
527	298.4
528	299.0
529	299.2
530	299.2
531	299.2
532	299.2
533	299.8
534	300.6
535	302.2
536	305.2
537	308.8
538	312.8
539	317.2
540	322.8
541	331.4
542	339.4
543	347.4
544	355.6
545	364.2
546	372.2
547	379.8
548	387.2
549	394.0
550	396.6
551	396.6
552	396.6
553	397.8
554	398.8
555	399.6
556	401.0
557	403.6
558	407.2
559	410.0
560	418.6
561	432.6
562	448.6
563	466.2
564	483.8
565	508.6
566	534.0
567	559.4
568	585.0
569	609.8
570	642.8
571	672.6
572	700.0
573	725.8
574	748.8
575	774.2
576	790.4
577	804.0
578	815.4
579	823.8
580	827.0
581	821.0
582	810.0
583	798.0
584	786.4
585	772.2
586	753.2
587	732.0
588	711.6
589	692.2
590	674.0
591	656.4
592	640.2
593	624.8
594	609.2
595	592.8
596	578.2
597	563.4
598	548.8
599	535.0
600	521.0
601	507.0
602	492.8
603	478.4
604	464.6
605	447.8
606	432.2
607	416.8
608	401.6
609	388.2
610	370.6
611	352.6
612	335.6
613	319.6
614	304.0
615	288.6
616	276.4
617	265.0
618	254.0
619	244.0
620	234.0
621	228.4
622	223.6
623	219.8
624	216.4
625	213.8
626	213.2
627	213.2
628	213.2
629	214.2
630	215.6
631	217.4
632	219.6
633	221.6
634	223.2
635	224.4
636	225.6
637	226.4
638	226.4
639	226.4
640	225.0
641	223.4
642	221.6
643	219.8
644	218.4
645	215.6
646	213.0
647	211.0
648	209.0
649	208.0
650	208.0
651	208.4
652	209.4
653	210.6
654	211.8
655	213.2
656	215.8
657	219.0
658	222.4
659	225.8
660	227.2
661	228.4
662	230.0
663	232.2
664	234.6
665	238.0
666	242.0
667	246.6
668	251.6
669	257.6
670	265.8
671	277.4
672	289.0
673	300.6
674	312.2
675	325.2
676	337.6
677	349.8
678	361.6
679	373.4
680	383.0
681	389.6
682	395.4
683	401.4
684	407.4
685	415.6
686	422.8
687	429.8
688	436.8
689	444.6
690	456.6
691	471.8
692	486.8
693	500.8
694	514.0
695	529.4
696	543.4
697	556.0
698	567.4
699	577.2
700	585.2
701	585.2
702	584.8
703	583.6
704	581.6
705	579.4
706	574.0
707	567.0
708	560.4
709	553.2
710	548.6
711	545.2
712	541.8
713	538.2
714	535.0
715	528.2
716	521.4
717	514.6
718	507.6
719	500.6
720	486.6
721	471.8
722	457.4
723	444.8
724	434.0
725	422.2
726	414.4
727	408.0
728	403.4
729	401.8
730	403.0
731	412.6
732	422.8
733	433.0
734	443.4
735	457.6
736	476.0
737	494.2
738	512.2
739	529.8
740	550.0
741	569.4
742	586.6
743	601.8
744	617.2
745	631.4
746	640.8
747	647.2
748	652.6
749	657.0
750	657.0
751	651.2
752	643.0
753	635.2
754	628.0
755	618.2
756	607.4
757	597.2
758	588.0
759	578.6
760	570.4
761	565.6
762	561.2
763	557.6
764	554.2
765	550.8
766	549.6
767	549.4
768	548.8
769	547.4
770	546.4
771	543.6
772	540.8
773	538.0
774	535.8
775	531.4
776	526.8
777	522.2
778	517.8
779	513.2
780	505.8
781	499.2
782	493.4
783	488.6
784	484.2
785	477.0
786	472.2
787	468.8
788	466.8
789	466.8
790	467.6
791	472.8
792	479.4
793	487.0
794	495.4
795	507.6
796	525.0
797	543.0
798	562.4
799	582.2
800	612.2
801	646.0
802	680.6
803	713.2
804	741.6
805	773.2
806	799.6
807	822.2
808	841.0
809	856.0
810	859.4
811	841.8
812	819.4
813	797.2
814	776.2
815	753.6
816	725.6
817	697.8
818	673.0
819	648.6
820	626.2
821	608.8
822	596.2
823	585.4
824	576.8
825	571.2
826	571.2
827	573.4
828	576.4
829	580.4
830	592.6
831	610.2
832	628.4
833	646.0
834	663.8
835	683.4
836	701.2
837	717.4
838	731.4
839	743.8
840	750.6
841	749.2
842	744.4
843	739.4
844	734.0
845	727.8
846	717.8
847	707.2
848	697.6
849	689.2
850	680.8
851	675.0
852	670.4
853	665.4
854	660.0
855	656.2
856	653.0
857	649.6
858	646.0
859	640.6
860	636.4
861	631.2
862	625.2
863	618.8
864	610.8
865	601.6
866	590.4
867	578.2
868	565.6
869	552.2
870	536.2
871	519.0
872	502.0
873	485.8
874	469.8
875	455.4
876	442.8
877	431.2
878	420.6
879	410.8
880	402.0
881	397.0
882	392.4
883	387.4
884	383.2
885	376.2
886	368.2
887	360.4
888	352.6
889	344.8
890	334.4
891	323.6
892	313.6
893	303.8
894	295.8
895	286.6
896	280.8
897	276.0
898	272.2
899	268.2
900	268.0
901	270.2
902	273.0
903	275.8
904	278.6
905	281.6
906	285.4
907	289.4
908	292.8
909	296.0
910	297.2
911	296.8
912	296.2
913	295.8
914	295.4
915	294.0
916	292.2
917	290.8
918	289.8
919	289.2
920	286.0
921	283.6
922	283.2
923	283.2
924	284.4
925	286.8
926	291.4
927	297.2
928	304.4
929	313.0
930	329.8
931	351.2
932	375.0
933	397.8
934	421.4
935	447.0
936	474.2
937	499.2
938	522.2
939	542.6
940	560.8
941	566.8
942	568.4
943	568.4
944	568.4
945	564.0
946	554.8
947	543.4
948	532.8
949	522.8
950	506.2
951	491.0
952	477.4
953	465.6
954	455.2
955	445.6
956	440.4
957	436.4
958	433.8
959	433.6
960	435.2
961	445.0
962	455.6
963	466.6
964	476.4
965	487.8
966	499.2
967	510.6
968	521.4
969	532.2
970	539.4
971	543.2
972	545.6
973	548.4
974	550.8
975	553.8
976	554.8
977	556.4
978	558.4
979	561.4
980	567.4
981	578.6
982	590.2
983	601.2
984	611.6
985	624.4
986	638.0
987	650.6
988	663.0
989	674.4
990	680.6
991	680.6
992	678.4
993	676.4
994	674.2
995	670.4
996	663.4
997	655.6
998	648.4
999	642.4
1000	635.6
1001	631.8
1002	629.0
1003	626.6
1004	624.0
1005	623.0
1006	623.0
1007	623.2
1008	624.2
1009	624.2
1010	627.8
1011	633.2
1012	639.0
1013	644.8
1014	650.8
1015	664.0
1016	676.2
1017	687.2
1018	697.2
1019	706.2
1020	721.4
1021	731.0
1022	737.6
1023	741.8
1024	744.4
1025	744.4
1026	737.6
1027	729.0
1028	719.0
1029	707.0
1030	690.0
1031	665.6
1032	641.8
1033	620.0
1034	598.2
1035	572.4
1036	545.2
1037	520.2
1038	496.4
1039	474.4
1040	447.4
1041	426.6
1042	408.0
1043	391.6
1044	377.8
1045	362.8
1046	351.6
1047	344.0
1048	337.6
1049	333.0
1050	331.2
1051	334.8
1052	339.4
1053	344.4
1054	350.2
1055	356.8
1056	366.8
1057	378.2
1058	390.0
1059	402.2
1060	419.0
1061	435.2
1062	451.4
1063	468.2
1064	484.8
1065	502.6
1066	520.8
1067	537.8
1068	554.0
1069	569.6
1070	585.0
1071	595.0
1072	604.0
1073	612.6
1074	620.6
1075	627.8
1076	632.6
1077	636.0
1078	639.2
1079	642.2
1080	645.0
1081	646.4
1082	647.2
1083	647.8
1084	647.8
1085	647.8
1086	647.8
1087	647.8
1088	647.8
1089	647.8
1090	649.8
1091	652.4
1092	655.0
1093	657.4
1094	659.8
1095	663.8
1096	667.6
1097	670.8
1098	673.0
1099	675.4
1100	678.4
1101	678.4
1102	678.4
1103	677.6
1104	675.6
1105	672.8
1106	667.2
1107	660.6
1108	653.8
1109	647.8
1110	638.2
1111	627.4
1112	616.0
1113	604.6
1114	594.6
1115	582.8
1116	571.6
1117	561.2
1118	551.6
1119	543.4
1120	537.8
1121	535.4
1122	533.0
1123	531.0
1124	529.0
1125	526.2
1126	526.2
1127	526.0
1128	525.4
1129	524.2
1130	522.2
1131	517.6
1132	512.6
1133	507.0
1134	501.2
1135	495.6
1136	490.2
1137	484.8
1138	479.8
1139	475.6
1140	472.4
1141	469.8
1142	468.2
1143	467.6
1144	467.6
1145	470.4
1146	473.8
1147	477.2
1148	480.8
1149	484.4
1150	495.4
1151	505.8
1152	515.2
1153	522.8
1154	528.0
1155	530.4
1156	529.0
1157	525.4
1158	520.0
1159	512.8
1160	490.4
1161	458.2
1162	428.6
1163	401.4
1164	376.6
1165	352.0
1166	328.8
1167	309.0
1168	292.6
1169	279.8
1170	272.6
1171	277.4
1172	285.4
1173	293.2
1174	302.8
1175	316.0
1176	332.4
1177	351.6
1178	371.4
1179	389.4
1180	411.6
1181	431.2
1182	449.4
1183	468.4
1184	488.2
1185	509.8
1186	530.4
1187	549.0
1188	567.8
1189	585.8
1190	610.4
1191	630.2
1192	647.8
1193	664.6
1194	678.6
1195	694.2
1196	703.0
1197	708.4
1198	711.2
1199	711.2
1200	709.4
1201	697.8
1202	683.8
1203	668.8
1204	654.4
1205	637.2
1206	616.0
1207	595.0
1208	574.4
1209	554.4
1210	533.0
1211	512.0
1212	492.6
1213	474.4
1214	457.0
1215	438.0
1216	423.8
1217	410.8
1218	398.8
1219	388.2
1220	378.2
1221	371.4
1222	365.8
1223	360.8
1224	356.0
1225	351.4
1226	349.6
1227	347.8
1228	346.4
1229	344.6
1230	343.2
1231	342.0
1232	341.2
1233	340.6
1234	340.6
1235	340.6
1236	341.0
1237	341.0
1238	341.0
1239	341.0
1240	343.2
1241	346.2
1242	348.6
1243	350.2
1244	350.8
1245	349.8
1246	347.4
1247	344.4
1248	340.8
1249	336.8
1250	329.2
1251	318.2
1252	306.6
1253	295.8
1254	286.4
1255	274.8
1256	265.4
1257	257.0
1258	249.8
1259	243.2
1260	240.8
1261	241.2
1262	242.8
1263	244.6
1264	245.8
1265	248.4
1266	253.2
1267	258.2
1268	262.6
1269	266.2
1270	267.2
1271	265.8
1272	264.0
1273	262.4
1274	260.8
1275	258.4
1276	255.0
1277	251.8
1278	249.2
1279	247.2
1280	246.2
1281	246.2
1282	247.6
1283	249.0
1284	251.0
1285	252.8
1286	256.2
1287	260.0
1288	264.0
1289	268.6
1290	273.6
1291	279.4
1292	285.8
1293	292.6
1294	299.2
1295	307.2
1296	316.0
1297	325.2
1298	334.0
1299	343.8
1300	354.6
1301	366.2
1302	377.6
1303	389.0
1304	400.2
1305	414.8
1306	429.8
1307	444.0
1308	458.2
1309	473.2
1310	489.2
1311	503.6
1312	516.6
1313	528.8
1314	539.2
1315	551.6
1316	560.4
1317	567.2
1318	573.0
1319	578.2
1320	579.6
1321	577.6
1322	575.2
1323	572.4
1324	569.2
1325	565.2
1326	557.8
1327	550.4
1328	543.6
1329	537.2
1330	529.6
1331	523.6
1332	518.6
1333	514.0
1334	509.8
1335	504.2
1336	500.0
1337	497.0
1338	494.2
1339	492.2
1340	489.0
1341	487.0
1342	486.4
1343	486.4
1344	486.6
1345	487.8
1346	491.6
1347	496.0
1348	500.4
1349	505.2
1350	513.4
1351	523.4
1352	533.2
1353	542.0
1354	550.6
1355	560.4
1356	569.6
1357	577.2
1358	583.6
1359	590.4
1360	591.8
1361	590.2
1362	587.8
1363	585.0
1364	582.6
1365	579.2
1366	574.6
1367	569.2
1368	564.0
1369	559.0
1370	552.4
1371	549.0
1372	546.2
1373	543.6
1374	541.0
1375	538.4
1376	536.0
1377	533.8
1378	531.6
1379	530.0
1380	529.8
1381	529.8
1382	529.8
1383	530.2
1384	531.4
1385	533.4
1386	536.0
1387	538.8
1388	541.8
1389	544.8
1390	547.6
1391	550.2
1392	553.0
1393	555.6
1394	556.4
1395	555.4
1396	553.6
1397	551.8
1398	549.6
1399	547.4
1400	540.2
1401	533.0
1402	526.8
1403	521.6
1404	517.6
1405	512.6
1406	510.8
1407	510.8
1408	511.6
1409	513.8
1410	519.8
1411	531.8
1412	545.0
1413	559.4
1414	574.6
1415	593.2
1416	615.4
1417	638.0
1418	661.0
1419	684.4
1420	714.8
1421	742.8
1422	770.0
1423	794.6
1424	818.8
1425	842.4
1426	861.8
1427	878.2
1428	892.0
1429	900.8
1430	899.0
1431	885.0
1432	868.2
1433	852.0
1434	839.4
1435	823.6
1436	806.0
1437	789.8
1438	775.6
1439	763.4
1440	758.2
1441	760.2
1442	762.8
1443	765.8
1444	767.6
1445	774.8
1446	785.6
1447	797.0
1448	807.8
1449	817.6
1450	828.8
1451	835.8
1452	841.2
1453	845.2
1454	847.8
1455	849.6
1456	847.4
1457	843.6
1458	837.8
1459	830.0
1460	821.0
1461	807.6
1462	793.0
1463	778.8
1464	765.2
1465	748.8
1466	732.8
1467	716.4
1468	699.6
1469	684.4
1470	668.0
1471	652.0
1472	638.2
1473	625.6
1474	614.0
1475	600.8
1476	590.8
1477	581.8
1478	573.4
1479	565.6
1480	559.4
1481	555.8
1482	553.4
1483	550.8
1484	549.0
1485	548.8
1486	548.8
1487	548.8
1488	548.8
1489	548.6
1490	548.6
1491	547.2
1492	545.2
1493	542.8
1494	540.2
1495	536.8
1496	532.4
1497	527.2
1498	521.8
1499	515.8
1500	506.6
1501	496.8
1502	487.4
1503	478.2
1504	470.4
1505	459.8
1506	449.0
1507	439.4
1508	430.6
1509	423.2
1510	413.6
1511	406.4
1512	400.6
1513	396.0
1514	392.4
1515	388.0
1516	388.0
1517	388.2
1518	389.2
1519	391.0
1520	394.6
1521	401.6
1522	410.6
1523	419.4
1524	428.2
1525	438.6
1526	449.6
1527	461.4
1528	472.8
1529	484.0
1530	493.4
1531	500.4
1532	507.2
1533	513.8
1534	520.6
1535	527.8
1536	533.4
1537	538.8
1538	544.2
1539	549.8
1540	557.6
1541	566.4
1542	574.8
1543	583.0
1544	591.0
1545	598.6
1546	605.4
1547	611.2
1548	616.6
1549	621.0
1550	624.6
1551	624.8
1552	624.8
1553	624.8
1554	624.8
1555	624.8
1556	624.8
1557	624.8
1558	624.8
1559	625.8
1560	626.0
1561	626.8
1562	628.6
1563	631.2
1564	635.2
1565	643.2
1566	651.8
1567	661.4
1568	671.2
1569	681.2
1570	697.0
1571	714.4
1572	731.0
1573	746.2
1574	760.8
1575	777.0
1576	787.2
1577	796.0
1578	802.0
1579	804.4
1580	803.2
1581	792.8
1582	781.6
1583	769.4
1584	756.6
1585	743.4
1586	726.8
1587	710.6
1588	695.4
1589	682.0
1590	669.8
1591	661.6
1592	654.2
1593	648.0
1594	643.2
1595	638.0
1596	633.2
1597	629.2
1598	625.8
1599	622.6
1600	617.6
1601	613.2
1602	609.4
1603	606.6
1604	603.4
1605	599.6
1606	597.2
1607	596.8
1608	596.8
1609	596.8
1610	599.4
1611	605.4
1612	611.6
1613	617.2
1614	621.8
1615	627.6
1616	633.8
1617	640.6
1618	647.0
1619	654.2
1620	659.4
1621	662.2
1622	663.8
1623	666.0
1624	669.2
1625	673.0
1626	677.4
1627	682.6
1628	688.8
1629	696.0
1630	706.4
1631	720.0
1632	733.4
1633	746.8
1634	760.4
1635	777.8
1636	796.4
1637	814.6
1638	830.4
1639	845.6
1640	864.0
1641	877.6
1642	888.0
1643	896.4
1644	903.4
1645	906.8
1646	905.6
1647	901.0
1648	894.4
1649	887.2
1650	871.8
1651	849.8
1652	830.8
1653	812.8
1654	795.2
1655	777.4
1656	759.6
1657	743.0
1658	728.0
1659	714.2
1660	706.4
1661	706.4
1662	706.4
1663	705.6
1664	704.4
1665	703.8
1666	703.0
1667	701.0
1668	697.8
1669	692.6
1670	682.2
1671	666.4
1672	647.8
1673	630.6
1674	615.8
1675	595.8
1676	575.2
1677	554.8
1678	536.0
1679	518.4
1680	495.6
1681	475.0
1682	456.2
1683	440.4
1684	427.2
1685	412.2
1686	402.6
1687	395.6
1688	391.0
1689	389.0
1690	393.8
1691	405.2
1692	419.8
1693	434.0
1694	447.0
1695	461.8
1696	478.8
1697	495.4
1698	511.0
1699	525.4
1700	535.4
1701	535.8
1702	536.2
1703	536.8
1704	537.4
1705	539.0
1706	539.0
1707	539.2
1708	540.4
1709	542.4
1710	548.0
1711	558.4
1712	570.0
1713	581.6
1714	593.0
1715	607.2
1716	621.2
1717	634.8
1718	647.6
1719	660.4
1720	671.4
1721	678.0
1722	683.0
1723	687.8
1724	692.8
1725	697.8
1726	700.2
1727	702.6
1728	705.0
1729	707.4
1730	709.6
1731	712.8
1732	716.4
1733	720.2
1734	724.6
1735	729.8
1736	735.4
1737	740.8
1738	746.2
1739	751.8
1740	762.0
1741	772.2
1742	782.2
1743	792.0
1744	801.2
1745	812.0
1746	820.6
1747	827.0
1748	832.4
1749	836.6
1750	838.4
1751	836.2
1752	833.0
1753	829.2
1754	824.6
1755	818.0
1756	807.4
1757	797.0
1758	787.6
1759	777.6
1760	766.0
1761	753.4
1762	742.0
1763	731.2
1764	720.4
1765	709.6
1766	699.6
1767	691.4
1768	683.6
1769	676.0
1770	670.0
1771	666.0
1772	663.2
1773	660.4
1774	657.8
1775	655.8
1776	654.8
1777	654.0
1778	653.0
1779	652.4
1780	651.8
1781	650.6
1782	649.2
1783	647.6
1784	645.8
1785	644.4
1786	643.2
1787	641.6
1788	639.8
1789	637.4
1790	634.2
1791	630.0
1792	625.8
1793	621.0
1794	616.0
1795	610.8
1796	604.4
1797	597.4
1798	590.8
1799	584.0
1800	575.8
1801	567.6
1802	559.6
1803	551.4
1804	543.4
1805	532.2
1806	521.4
1807	510.8
1808	500.8
1809	493.6
1810	480.8
1811	469.0
1812	458.0
1813	448.6
1814	441.2
1815	435.2
1816	434.4
1817	434.4
1818	436.0
1819	439.0
1820	446.8
1821	463.8
1822	482.4
1823	502.0
1824	521.8
1825	546.0
1826	572.6
1827	598.6
1828	623.8
1829	646.8
1830	670.6
1831	685.6
1832	696.8
1833	707.2
1834	716.2
1835	725.6
1836	726.2
1837	725.6
1838	724.6
1839	723.4
1840	723.4
1841	723.4
1842	722.2
1843	719.8
1844	717.2
1845	711.4
1846	702.0
1847	692.2
1848	681.8
1849	672.4
1850	656.6
1851	636.6
1852	617.2
1853	598.8
1854	582.2
1855	562.4
1856	546.0
1857	532.6
1858	520.4
1859	509.6
1860	499.0
1861	494.8
1862	493.4
1863	493.2
1864	493.2
1865	493.2
1866	496.8
1867	500.8
1868	504.8
1869	509.4
1870	514.2
1871	518.8
1872	523.4
1873	528.6
1874	534.2
1875	540.2
1876	546.6
1877	553.4
1878	560.4
1879	567.6
1880	574.8
1881	582.0
1882	589.2
1883	596.2
1884	602.8
1885	608.6
1886	614.0
1887	618.8
1888	623.0
1889	625.6
1890	625.2
1891	624.2
1892	623.8
1893	623.8
1894	624.8
1895	627.0
1896	630.2
1897	634.2
1898	638.8
1899	644.2
1900	658.8
1901	682.4
1902	704.4
1903	725.6
1904	744.8
1905	763.0
1906	778.8
1907	791.2
1908	800.4
1909	805.4
1910	797.6
1911	778.0
1912	753.6
1913	731.4
1914	710.0
1915	684.6
1916	658.2
1917	635.4
1918	615.8
1919	598.2
1920	585.2
1921	584.8
1922	584.8
1923	585.8
1924	587.4
1925	591.8
1926	601.2
1927	612.4
1928	623.2
1929	633.6
1930	648.8
1931	664.0
1932	677.2
1933	689.0
1934	699.8
1935	706.2
1936	708.2
1937	708.2
1938	708.0
1939	706.4
1940	694.6
1941	673.4
1942	652.6
1943	636.2
1944	622.8
1945	614.4
1946	614.0
1947	614.4
1948	616.4
1949	620.0
1950	638.4
1951	669.6
1952	704.4
1953	736.6
1954	766.8
1955	791.6
1956	808.0
1957	820.0
1958	828.8
1959	833.0
1960	822.4
1961	792.8
1962	762.6
1963	735.2
1964	710.6
1965	689.8
1966	673.8
1967	660.4
1968	648.0
1969	637.4
1970	634.8
1971	645.2
1972	655.8
1973	665.2
1974	672.2
1975	672.2
1976	670.2
1977	666.2
1978	661.0
1979	655.8
1980	642.2
1981	621.8
1982	599.6
1983	580.0
1984	562.2
1985	546.6
1986	537.6
1987	530.4
1988	525.2
1989	523.2
1990	523.6
1991	533.0
1992	545.0
1993	557.6
1994	570.6
1995	585.0
1996	599.4
1997	614.8
1998	630.0
1999	645.4
2000	663.4
2001	680.6
2002	697.0
2003	713.2
2004	729.2
2005	749.0
2006	768.8
2007	787.2
2008	804.6
2009	821.0
2010	838.4
2011	852.0
2012	864.0
2013	874.2
2014	882.6
2015	891.6
2016	891.6
2017	890.4
2018	888.4
2019	885.0
2020	881.6
2021	873.8
2022	864.6
2023	854.6
2024	845.0
2025	831.6
2026	813.4
2027	795.6
2028	779.4
2029	763.8
2030	741.2
2031	720.4
2032	701.4
2033	685.0
2034	670.4
2035	660.2
2036	656.6
2037	656.6
2038	656.6
2039	657.2
2040	662.4
2041	676.0
2042	688.6
2043	700.2
2044	710.8
2045	719.2
2046	723.6
2047	726.6
2048	728.8
2049	729.2
2050	728.4
2051	722.8
2052	716.4
2053	710.4
2054	704.8
2055	699.6
2056	696.2
2057	693.6
2058	691.8
2059	690.8
2060	690.8
2061	692.0
2062	694.4
2063	697.6
2064	701.8
2065	710.6
2066	719.6
2067	729.2
2068	738.4
2069	747.0
2070	759.8
2071	774.0
2072	786.4
2073	797.6
2074	807.8
2075	815.8
2076	816.6
2077	816.6
2078	815.0
2079	812.8
2080	805.8
2081	793.2
2082	779.4
2083	765.4
2084	751.6
2085	735.2
2086	717.8
2087	701.4
2088	686.0
2089	670.6
2090	654.2
2091	642.6
2092	632.0
2093	621.6
2094	611.6
2095	601.2
2096	594.2
2097	588.2
2098	581.8
2099	575.4
2100	567.8
2101	560.8
2102	554.4
2103	548.4
2104	543.0
2105	536.4
2106	530.4
2107	525.4
2108	520.8
2109	517.4
2110	513.0
2111	510.6
2112	508.8
2113	508.6
2114	508.6
2115	508.8
2116	511.4
2117	514.4
2118	517.8
2119	521.4
2120	527.8
2121	536.6
2122	545.6
2123	554.6
2124	563.6
2125	572.4
2126	580.6
2127	588.0
2128	594.6
2129	600.6
2130	606.8
2131	609.2
2132	609.4
2133	609.4
2134	609.4
2135	605.4
2136	599.4
2137	593.0
2138	586.6
2139	583.2
2140	572.6
2141	559.8
2142	547.2
2143	537.6
2144	528.4
2145	519.2
2146	513.6
2147	511.2
2148	511.2
2149	511.6
2150	511.6
2151	519.4
2152	530.6
2153	543.4
2154	556.6
2155	577.8
2156	603.2
2157	629.8
2158	656.4
2159	684.2
2160	725.0
2161	764.2
2162	802.0
2163	837.8
2164	873.2
2165	901.8
2166	913.8
2167	918.2
2168	918.6
2169	918.2
2170	903.2
2171	859.4
2172	824.0
2173	793.6
2174	767.6
2175	745.6
2176	730.4
2177	719.2
2178	710.8
2179	706.6
2180	713.0
2181	733.0
2182	759.0
2183	784.6
2184	808.6
2185	834.8
2186	862.4
2187	890.4
2188	913.8
2189	932.8
2190	947.6
2191	947.6
2192	944.2
2193	940.2
2194	935.4
2195	924.6
2196	910.6
2197	895.2
2198	879.6
2199	864.2
2200	846.6
2201	831.4
2202	818.4
2203	807.0
2204	797.4
2205	793.8
2206	795.4
2207	797.8
2208	801.2
2209	805.8
2210	820.8
2211	840.4
2212	863.2
2213	886.2
2214	906.6
2215	927.6
2216	943.8
2217	958.0
2218	969.8
2219	980.4
2220	982.8
2221	972.6
2222	961.4
2223	950.4
2224	939.6
2225	931.0
2226	919.4
2227	908.2
2228	896.8
2229	885.6
2230	874.0
2231	867.2
2232	861.6
2233	855.4
2234	849.2
2235	844.2
2236	837.0
2237	828.6
2238	818.8
2239	808.4
2240	793.8
2241	777.8
2242	761.0
2243	744.8
2244	729.4
2245	713.2
2246	696.8
2247	680.4
2248	664.4
2249	649.2
2250	635.8
2251	625.8
2252	617.0
2253	609.0
2254	601.4
2255	595.0
2256	589.2
2257	583.4
2258	577.8
2259	570.8
2260	567.0
2261	563.6
2262	559.4
2263	554.6
2264	549.0
2265	543.0
2266	535.4
2267	526.8
2268	517.2
2269	507.8
2270	496.4
2271	481.2
2272	465.2
2273	449.8
2274	435.4
2275	420.2
2276	404.4
2277	390.0
2278	377.0
2279	364.0
2280	349.8
2281	339.0
2282	329.0
2283	319.2
2284	309.6
2285	297.6
2286	287.8
2287	279.0
2288	270.8
2289	262.6
2290	252.0
2291	242.8
2292	235.0
2293	227.8
2294	221.6
2295	216.0
2296	213.8
2297	212.6
2298	212.6
2299	212.8
2300	215.2
2301	221.6
2302	228.6
2303	235.8
2304	242.8
2305	251.8
2306	262.2
2307	272.2
2308	281.6
2309	290.2
2310	300.2
2311	309.0
2312	316.6
2313	323.4
2314	329.4
2315	334.2
2316	336.0
2317	336.0
2318	336.0
2319	336.0
2320	334.0
2321	329.4
2322	323.6
2323	318.2
2324	313.8
2325	307.0
2326	299.6
2327	293.6
2328	288.2
2329	284.0
2330	277.4
2331	273.4
2332	270.4
2333	268.2
2334	267.2
2335	265.8
2336	265.8
2337	267.6
2338	270.2
2339	273.8
2340	276.8
2341	282.8
2342	289.6
2343	297.2
2344	306.2
2345	315.2
2346	326.6
2347	339.8
2348	353.8
2349	369.0
2350	386.2
2351	406.2
2352	427.6
2353	449.0
2354	472.0
2355	497.8
2356	526.0
2357	554.2
2358	583.4
2359	612.4
2360	645.8
2361	681.6
2362	715.0
2363	746.8
2364	778.8
2365	812.0
2366	840.8
2367	869.0
2368	896.8
2369	919.8
2370	939.8
2371	950.6
2372	956.0
2373	961.2
2374	965.6
2375	972.8
2376	976.6
2377	979.0
2378	980.6
2379	981.4
2380	985.4
2381	989.0
2382	991.6
2383	993.0
2384	993.0
2385	990.2
2386	982.8
2387	974.4
2388	965.6
2389	958.2
2390	947.6
2391	932.0
2392	917.6
2393	904.6
2394	892.0
2395	879.4
2396	871.8
2397	866.6
2398	862.0
2399	859.0
2400	859.0
2401	863.4
2402	869.2
2403	874.2
2404	878.0
2405	882.8
2406	886.4
2407	889.0
2408	890.6
2409	890.6
2410	890.6
2411	886.4
2412	880.6
2413	874.0
2414	866.8
2415	855.6
2416	843.8
2417	832.6
2418	821.0
2419	809.6
2420	793.6
2421	776.0
2422	759.6
2423	744.6
2424	731.4
2425	719.6
2426	711.2
2427	703.6
2428	697.2
2429	691.6
2430	690.8
2431	692.8
2432	697.2
2433	701.2
2434	704.6
2435	709.2
2436	714.8
2437	719.2
2438	722.6
2439	724.2
2440	724.2
2441	721.6
2442	718.6
2443	714.8
2444	710.6
2445	706.4
2446	700.0
2447	692.0
2448	684.2
2449	678.4
2450	670.2
2451	662.4
2452	654.8
2453	648.4
2454	642.8
2455	637.4
2456	632.4
2457	628.0
2458	624.4
2459	622.0
2460	616.4
2461	613.6
2462	612.6
2463	612.6
2464	612.6
2465	616.8
2466	622.8
2467	629.0
2468	635.4
2469	641.8
2470	651.6
2471	667.0
2472	681.8
2473	694.6
2474	706.0
2475	713.8
2476	714.0
2477	713.6
2478	712.4
2479	710.0
2480	700.0
2481	682.8
2482	664.4
2483	648.4
2484	635.6
2485	623.8
2486	615.2
2487	609.0
2488	604.6
2489	603.6
2490	606.0
2491	615.4
2492	628.4
2493	641.2
2494	654.4
2495	672.0
2496	689.6
2497	706.6
2498	722.8
2499	737.8
2500	754.8
2501	768.4
2502	781.0
2503	792.8
2504	804.0
2505	814.8
2506	820.8
2507	826.2
2508	831.8
2509	835.6
2510	837.4
2511	837.4
2512	836.8
2513	836.8
2514	836.8
2515	837.6
2516	838.0
2517	838.2
2518	838.2
2519	838.4
2520	841.6
2521	847.2
2522	852.0
2523	855.8
2524	858.0
2525	857.6
2526	852.8
2527	847.6
2528	842.4
2529	836.4
2530	821.2
2531	803.4
2532	784.8
2533	768.8
2534	754.2
2535	739.6
2536	729.2
2537	720.8
2538	713.6
2539	708.6
2540	707.2
2541	713.2
2542	720.6
2543	728.4
2544	736.2
2545	749.4
2546	765.0
2547	780.0
2548	794.8
2549	809.2
2550	830.0
2551	848.6
2552	868.0
2553	885.0
2554	899.2
2555	908.8
2556	908.8
2557	908.2
2558	906.4
2559	903.4
2560	890.8
2561	868.0
2562	846.6
2563	830.0
2564	815.6
2565	799.8
2566	786.2
2567	774.2
2568	763.4
2569	754.0
2570	749.8
2571	752.8
2572	756.0
2573	759.4
2574	762.4
2575	766.4
2576	773.0
2577	779.6
2578	785.6
2579	790.8
2580	795.4
2581	795.4
2582	795.0
2583	793.4
2584	792.4
2585	792.4
2586	792.0
2587	790.2
2588	787.2
2589	783.8
2590	782.6
2591	782.2
2592	779.6
2593	775.0
2594	768.4
2595	754.6
2596	736.6
2597	716.8
2598	696.2
2599	675.0
2600	640.0
2601	604.0
2602	569.6
2603	539.0
2604	512.2
2605	483.4
2606	460.8
2607	442.0
2608	426.6
2609	416.2
2610	405.2
2611	406.0
2612	410.2
2613	416.2
2614	423.8
2615	440.0
2616	462.8
2617	488.4
2618	514.4
2619	540.8
2620	580.2
2621	628.6
2622	677.8
2623	726.2
2624	772.8
2625	826.6
2626	871.0
2627	912.0
2628	943.6
2629	969.4
2630	990.0
2631	985.2
2632	970.4
2633	952.2
2634	930.6
2635	896.4
2636	844.4
2637	798.4
2638	754.2
2639	713.4
2640	661.0
2641	611.0
2642	565.6
2643	525.0
2644	489.6
2645	454.6
2646	429.0
2647	406.4
2648	386.8
2649	369.4
2650	354.8
2651	350.4
2652	347.8
2653	345.0
2654	342.4
2655	338.6
2656	337.4
2657	335.8
2658	334.2
2659	332.2
2660	329.8
2661	325.8
2662	320.8
2663	315.8
2664	311.0
2665	304.6
2666	298.4
2667	292.6
2668	286.8
2669	281.8
2670	274.4
2671	267.4
2672	261.0
2673	255.0
2674	249.6
2675	244.6
2676	241.4
2677	238.6
2678	235.8
2679	233.6
2680	233.6
2681	236.0
2682	238.2
2683	240.2
2684	240.8
2685	240.8
2686	240.6
2687	239.8
2688	239.0
2689	238.2
2690	235.0
2691	229.0
2692	222.6
2693	216.6
2694	211.2
2695	206.6
2696	203.6
2697	201.2
2698	199.2
2699	197.6
2700	197.2
2701	198.4
2702	200.8
2703	203.2
2704	205.2
2705	206.6
2706	207.4
2707	208.4
2708	209.4
2709	210.6
2710	211.2
2711	212.2
2712	213.0
2713	214.0
2714	215.2
2715	218.2
2716	222.6
2717	226.8
2718	231.8
2719	235.2
2720	240.8
2721	247.0
2722	252.8
2723	258.4
2724	262.6
2725	266.8
2726	269.2
2727	269.2
2728	269.2
2729	268.2
2730	265.2
2731	258.4
2732	251.6
2733	245.6
2734	240.2
2735	233.2
2736	226.6
2737	220.8
2738	216.0
2739	212.2
2740	210.4
2741	211.4
2742	214.8
2743	218.6
2744	223.2
2745	229.6
2746	239.0
2747	249.4
2748	260.6
2749	271.8
2750	285.0
2751	298.4
2752	313.0
2753	327.2
2754	341.6
2755	358.4
2756	373.6
2757	388.4
2758	402.8
2759	417.6
2760	435.2
2761	450.0
2762	465.0
2763	478.8
2764	492.2
2765	504.8
2766	514.2
2767	522.4
2768	530.0
2769	537.0
2770	539.0
2771	538.0
2772	537.2
2773	537.0
2774	537.0
2775	536.6
2776	536.6
2777	536.6
2778	536.6
2779	538.2
2780	541.0
2781	548.2
2782	556.2
2783	564.6
2784	572.6
2785	580.4
2786	589.0
2787	597.8
2788	607.2
2789	615.8
2790	626.4
2791	637.0
2792	646.6
2793	656.4
2794	666.2
2795	678.8
2796	691.6
2797	703.2
2798	714.0
2799	723.2
2800	732.6
2801	737.2
2802	739.8
2803	742.2
2804	744.0
2805	744.0
2806	741.8
2807	738.6
2808	735.6
2809	732.6
2810	730.6
2811	729.2
2812	727.2
2813	725.4
2814	722.6
2815	720.2
2816	718.2
2817	716.0
2818	711.4
2819	708.2
2820	706.0
2821	702.4
2822	697.2
2823	692.2
2824	685.6
2825	678.2
2826	668.2
2827	657.0
2828	645.8
2829	636.6
2830	621.2
2831	604.2
2832	587.6
2833	572.6
2834	558.4
2835	542.6
2836	529.4
2837	518.0
2838	507.2
2839	498.4
2840	489.2
2841	484.6
2842	481.2
2843	479.4
2844	479.4
2845	479.4
2846	482.6
2847	486.4
2848	490.8
2849	495.8
2850	502.6
2851	511.6
2852	521.4
2853	531.0
2854	540.4
2855	549.2
2856	558.0
2857	566.4
2858	574.6
2859	580.8
2860	586.8
2861	590.4
2862	594.0
2863	597.6
2864	601.6
2865	605.6
2866	609.6
2867	613.6
2868	618.0
2869	622.2
2870	628.2
2871	634.0
2872	640.0
2873	645.8
2874	651.8
2875	658.2
2876	664.6
2877	671.0
2878	677.0
2879	683.8
2880	688.0
2881	692.2
2882	696.2
2883	700.4
2884	703.4
2885	709.6
2886	716.0
2887	722.6
2888	728.4
2889	734.8
2890	742.0
2891	753.4
2892	764.6
2893	775.2
2894	785.0
2895	798.4
2896	809.4
2897	818.6
2898	826.0
2899	830.6
2900	838.8
2901	844.6
2902	845.2
2903	845.2
2904	844.0
2905	837.8
2906	826.0
2907	810.4
2908	794.2
2909	777.8
2910	749.0
2911	717.0
2912	685.4
2913	656.2
2914	631.8
2915	606.4
2916	585.0
2917	567.0
2918	552.0
2919	540.2
2920	538.6
2921	547.2
2922	557.8
2923	568.6
2924	579.6
2925	594.6
2926	612.8
2927	631.4
2928	648.4
2929	664.8
2930	679.2
2931	683.6
2932	686.8
2933	689.2
2934	689.2
2935	688.2
2936	681.4
2937	673.6
2938	665.6
2939	658.4
2940	647.4
2941	636.0
2942	625.6
2943	616.2
2944	607.2
2945	598.6
2946	592.0
2947	586.6
2948	581.8
2949	578.4
2950	575.0
2951	575.0
2952	577.4
2953	580.4
2954	584.0
2955	588.8
2956	595.0
2957	601.6
2958	608.8
2959	616.2
2960	626.4
2961	639.6
2962	652.8
2963	666.8
2964	679.6
2965	693.2
2966	706.2
2967	718.0
2968	728.8
2969	739.0
2970	748.4
2971	753.8
2972	757.0
2973	760.0
2974	762.2
2975	766.8
2976	768.8
2977	768.8
2978	768.8
2979	768.8
2980	766.0
2981	762.2
2982	758.0
2983	753.6
2984	750.0
2985	744.2
2986	736.0
2987	728.0
2988	720.2
2989	712.8
2990	700.2
2991	689.8
2992	681.2
2993	673.8
2994	667.6
2995	661.0
2996	658.0
2997	657.6
2998	657.6
2999	659.4
3000	666.8
3001	683.0
3002	700.4
3003	717.2
3004	733.4
3005	753.2
3006	774.8
3007	794.6
3008	813.0
3009	829.2
3010	839.8
3011	841.4
3012	840.4
3013	838.8
3014	836.8
3015	834.0
3016	826.4
3017	817.4
3018	809.2
3019	801.6
3020	794.8
3021	791.6
3022	788.8
3023	786.0
3024	783.0
3025	779.8
3026	776.4
3027	773.2
3028	770.0
3029	766.4
3030	762.0
3031	757.6
3032	753.4
3033	749.4
3034	746.0
3035	743.4
3036	741.8
3037	740.4
3038	739.4
3039	739.4
3040	742.8
3041	746.8
3042	750.0
3043	751.4
3044	751.4
3045	751.0
3046	749.4
3047	746.6
3048	743.0
3049	739.8
3050	732.2
3051	719.4
3052	706.2
3053	694.0
3054	682.6
3055	667.4
3056	652.8
3057	640.8
3058	630.4
3059	621.0
3060	611.8
3061	607.0
3062	603.4
3063	600.6
3064	598.6
3065	596.6
3066	597.6
3067	599.4
3068	601.6
3069	602.8
3070	599.2
3071	597.4
3072	597.4
3073	597.4
3074	599.8
3075	605.0
3076	614.8
3077	626.2
3078	638.8
3079	652.8
3080	686.4
3081	729.4
3082	771.6
3083	812.4
3084	853.4
3085	904.0
3086	944.8
3087	980.2
3088	1010.2
3089	1034.4
3090	1037.6
3091	1014.6
3092	987.6
3093	961.0
3094	935.4
3095	905.6
3096	864.6
3097	828.4
3098	797.6
3099	771.0
3100	747.2
3101	737.4
3102	730.0
3103	723.4
3104	717.6
3105	717.0
3106	720.4
3107	725.2
3108	730.0
3109	735.2
3110	740.8
3111	746.4
3112	751.8
3113	757.2
3114	762.0
3115	769.6
3116	774.6
3117	778.2
3118	781.0
3119	783.0
3120	787.0
3121	790.4
3122	791.2
3123	791.2
3124	791.2
3125	786.4
3126	777.6
3127	766.6
3128	755.2
3129	743.6
3130	721.8
3131	696.4
3132	672.6
3133	650.4
3134	632.0
3135	614.0
3136	600.4
3137	589.2
3138	580.2
3139	574.6
3140	575.0
3141	588.0
3142	601.8
3143	615.4
3144	627.6
3145	640.8
3146	654.0
3147	667.0
3148	678.0
3149	685.2
3150	682.2
3151	671.6
3152	657.8
3153	645.4
3154	634.6
3155	622.4
3156	608.4
3157	595.8
3158	585.8
3159	578.2
3160	577.6
3161	586.8
3162	596.8
3163	607.4
3164	617.0
3165	632.4
3166	652.2
3167	674.8
3168	695.8
3169	716.0
3170	739.2
3171	756.8
3172	771.4
3173	784.4
3174	795.4
3175	808.4
3176	811.6
3177	811.6
3178	810.6
3179	808.2
3180	804.4
3181	793.6
3182	782.4
3183	770.6
3184	758.0
3185	741.8
3186	723.2
3187	704.8
3188	687.2
3189	670.8
3190	652.2
3191	635.8
3192	620.0
3193	605.0
3194	591.8
3195	575.2
3196	561.2
3197	549.2
3198	538.6
3199	528.8
3200	514.4
3201	503.2
3202	493.8
3203	486.0
3204	479.6
3205	476.0
3206	476.6
3207	479.8
3208	483.8
3209	489.2
3210	499.6
3211	516.4
3212	533.6
3213	550.2
3214	567.4
3215	588.8
3216	608.4
3217	627.0
3218	644.2
3219	661.0
3220	679.4
3221	690.6
3222	699.6
3223	707.6
3224	714.0
3225	717.4
3226	715.6
3227	712.8
3228	709.2
3229	704.8
3230	695.8
3231	682.6
3232	669.8
3233	657.6
3234	646.4
3235	635.4
3236	625.2
3237	615.8
3238	607.2
3239	599.4
3240	595.0
3241	595.0
3242	596.0
3243	596.8
3244	597.6
3245	598.2
3246	599.8
3247	601.4
3248	602.6
3249	602.6
3250	602.2
3251	599.4
3252	596.6
3253	594.0
3254	591.4
3255	587.0
3256	583.2
3257	580.2
3258	577.8
3259	576.4
3260	575.0
3261	575.0
3262	576.2
3263	578.6
3264	581.2
3265	587.2
3266	597.0
3267	607.8
3268	619.0
3269	630.8
3270	648.6
3271	672.8
3272	696.6
3273	719.8
3274	741.4
3275	768.6
3276	791.2
3277	811.0
3278	828.6
3279	844.2
3280	859.4
3281	861.0
3282	857.4
3283	851.8
3284	846.2
3285	837.2
3286	819.0
3287	800.8
3288	783.8
3289	766.4
3290	745.0
3291	723.8
3292	703.6
3293	684.6
3294	666.6
3295	648.0
3296	633.4
3297	620.4
3298	608.0
3299	596.0
3300	587.8
3301	583.0
3302	579.0
3303	574.0
3304	568.0
3305	561.6
3306	555.6
3307	549.2
3308	542.8
3309	535.8
3310	522.4
3311	507.2
3312	492.4
3313	478.4
3314	465.8
3315	452.6
3316	441.6
3317	432.2
3318	424.2
3319	417.0
3320	414.0
3321	417.2
3322	420.2
3323	423.4
3324	426.4
3325	429.4
3326	434.4
3327	439.4
3328	443.8
3329	447.2
3330	450.4
3331	450.4
3332	450.4
3333	450.4
3334	450.4
3335	451.0
3336	451.6
3337	452.2
3338	453.0
3339	454.2
3340	458.2
3341	463.4
3342	468.6
3343	473.6
3344	478.4
3345	483.0
3346	487.2
3347	491.0
3348	494.0
3349	495.0
3350	491.6
3351	485.0
3352	478.0
3353	472.0
3354	466.2
3355	461.0
3356	456.0
3357	451.8
3358	449.0
3359	448.4
3360	451.8
3361	461.2
3362	471.6
3363	481.6
3364	490.6
3365	502.0
3366	513.4
3367	524.0
3368	533.8
3369	543.0
3370	547.2
3371	546.6
3372	546.2
3373	546.2
3374	546.2
3375	546.2
3376	543.4
3377	541.2
3378	541.0
3379	541.0
3380	543.8
3381	551.6
3382	561.0
3383	570.2
3384	578.6
3385	589.2
3386	600.6
3387	612.4
3388	623.0
3389	634.2
3390	641.2
3391	644.0
3392	644.8
3393	645.8
3394	646.8
3395	646.8
3396	646.0
3397	646.0
3398	646.0
3399	646.2
3400	646.4
3401	651.2
3402	656.8
3403	662.4
3404	668.8
3405	676.2
3406	684.4
3407	692.4
3408	700.2
3409	707.2
3410	717.2
3411	727.0
3412	735.4
3413	743.2
3414	750.2
3415	758.0
3416	764.6
3417	769.0
3418	772.2
3419	773.6
3420	775.8
3421	775.0
3422	771.4
3423	766.6
3424	762.2
3425	753.2
3426	741.4
3427	728.4
3428	715.0
3429	701.0
3430	682.2
3431	658.4
3432	636.8
3433	617.2
3434	599.0
3435	575.2
3436	555.2
3437	538.4
3438	524.2
3439	512.0
3440	501.6
3441	499.2
3442	499.4
3443	501.0
3444	503.8
3445	511.8
3446	527.6
3447	544.0
3448	560.6
3449	577.0
3450	597.8
3451	618.8
3452	638.4
3453	656.6
3454	675.0
3455	689.4
3456	696.8
3457	701.4
3458	705.4
3459	707.2
3460	705.0
3461	697.4
3462	689.8
3463	683.2
3464	677.8
3465	671.6
3466	668.6
3467	667.0
3468	666.6
3469	666.6
3470	666.6
3471	670.4
3472	674.6
3473	679.4
3474	684.8
3475	691.8
3476	700.6
3477	710.0
3478	720.0
3479	730.6
3480	745.0
3481	762.6
3482	780.6
3483	798.2
3484	816.2
3485	837.2
3486	858.8
3487	880.8
3488	900.8
3489	917.4
3490	936.6
3491	949.4
3492	960.2
3493	969.4
3494	977.0
3495	978.6
3496	975.8
3497	970.8
3498	965.4
3499	959.4
3500	947.4
3501	930.8
3502	914.6
3503	900.2
3504	887.0
3505	875.8
3506	869.6
3507	864.8
3508	861.0
3509	860.4
3510	866.2
3511	878.4
3512	891.0
3513	902.0
3514	911.0
3515	918.8
3516	924.6
3517	928.4
3518	929.4
3519	929.4
3520	924.8
3521	912.0
3522	899.0
3523	885.0
3524	872.4
3525	859.4
3526	846.4
3527	835.4
3528	824.8
3529	814.6
3530	809.0
3531	808.2
3532	806.6
3533	804.4
3534	801.4
3535	795.2
3536	787.6
3537	779.2
3538	770.2
3539	760.0
3540	745.0
3541	726.4
3542	707.0
3543	689.0
3544	671.8
3545	648.4
3546	629.4
3547	612.8
3548	597.8
3549	585.2
3550	574.8
3551	569.2
3552	566.2
3553	564.0
3554	564.0
3555	564.6
3556	572.8
3557	583.0
3558	591.4
3559	600.8
3560	611.6
3561	622.2
3562	632.6
3563	642.4
3564	652.4
3565	663.2
3566	672.6
3567	681.2
3568	688.4
3569	697.8
3570	704.8
3571	710.8
3572	716.8
3573	723.2
3574	729.4
3575	735.8
3576	742.0
3577	748.2
3578	754.8
3579	761.4
3580	767.8
3581	775.0
3582	781.6
3583	787.8
3584	793.6
3585	799.2
3586	805.2
3587	811.2
3588	816.6
3589	822.0
3590	833.0
3591	844.8
3592	856.4
3593	868.0
3594	878.6
3595	888.2
3596	896.4
3597	901.6
3598	904.2
3599	904.2
3600	894.8
3601	873.8
3602	851.6
3603	834.4
3604	816.6
3605	798.2
3606	780.2
3607	763.4
3608	748.4
3609	735.4
3610	728.4
3611	729.2
3612	732.2
3613	734.6
3614	737.6
3615	742.4
3616	748.4
3617	754.8
3618	760.0
3619	765.0
3620	765.4
3621	763.4
3622	759.4
3623	754.8
3624	749.8
3625	737.0
3626	722.6
3627	708.4
3628	695.6
3629	684.0
3630	668.0
3631	654.6
3632	644.0
3633	636.0
3634	630.2
3635	628.4
3636	632.8
3637	640.2
3638	648.8
3639	659.4
3640	678.2
3641	705.6
3642	734.4
3643	762.8
3644	790.8
3645	824.6
3646	859.6
3647	895.8
3648	925.6
3649	953.8
3650	980.8
3651	997.4
3652	1006.8
3653	1014.2
3654	1020.0
3655	1023.0
3656	1019.6
3657	1013.0
3658	1006.0
3659	997.8
3660	986.8
3661	973.0
3662	957.2
3663	940.8
3664	925.4
3665	905.4
3666	879.6
3667	853.0
3668	830.8
3669	809.6
3670	785.8
3671	764.0
3672	744.2
3673	726.4
3674	711.6
3675	693.6
3676	679.6
3677	669.0
3678	659.6
3679	651.2
3680	640.0
3681	633.8
3682	628.6
3683	625.0
3684	622.0
3685	622.0
3686	625.4
3687	630.6
3688	636.4
3689	643.0
3690	650.4
3691	664.0
3692	678.0
3693	692.2
3694	706.4
3695	725.0
3696	741.4
3697	757.8
3698	774.0
3699	789.6
3700	808.8
3701	828.2
3702	846.4
3703	865.2
3704	884.4
3705	902.0
3706	913.0
3707	921.0
3708	927.6
3709	931.0
3710	926.4
3711	916.4
3712	905.4
3713	894.6
3714	884.4
3715	867.6
3716	852.0
3717	839.6
3718	829.8
3719	822.2
3720	819.4
3721	824.8
3722	832.2
3723	840.4
3724	849.0
3725	864.6
3726	888.4
3727	910.6
3728	931.6
3729	950.0
3730	974.4
3731	999.0
3732	1021.2
3733	1042.0
3734	1061.2
3735	1085.0
3736	1101.8
3737	1115.6
3738	1127.8
3739	1137.8
3740	1150.6
3741	1155.4
3742	1155.4
3743	1154.6
3744	1152.4
3745	1146.8
3746	1133.6
3747	1119.6
3748	1105.0
3749	1089.6
3750	1063.4
3751	1035.2
3752	1007.2
3753	981.0
3754	956.6
3755	930.4
3756	908.4
3757	887.8
3758	869.2
3759	851.4
3760	843.6
3761	845.4
3762	847.8
3763	850.8
3764	853.2
3765	859.2
3766	869.8
3767	880.2
3768	890.4
3769	899.6
3770	905.6
3771	906.0
3772	906.6
3773	907.6
3774	908.0
3775	912.6
3776	916.0
3777	919.2
3778	923.0
3779	926.8
3780	945.8
3781	966.6
3782	987.2
3783	1003.8
3784	1019.2
3785	1035.4
3786	1047.8
3787	1055.6
3788	1058.6
3789	1058.6
3790	1050.2
3791	1023.8
3792	997.2
3793	970.2
3794	944.2
3795	912.2
3796	874.2
3797	837.2
3798	805.4
3799	776.4
3800	746.2
3801	723.4
3802	701.8
3803	682.0
3804	663.8
3805	645.0
3806	631.6
3807	619.8
3808	608.8
3809	598.6
3810	589.8
3811	584.8
3812	580.0
3813	575.6
3814	571.6
3815	565.2
3816	560.6
3817	557.2
3818	554.4
3819	552.0
3820	547.4
3821	543.0
3822	539.4
3823	537.0
3824	535.6
3825	535.4
3826	537.6
3827	541.4
3828	546.0
3829	551.4
3830	560.6
3831	574.2
3832	589.0
3833	603.6
3834	617.8
3835	634.0
3836	651.8
3837	670.4
3838	688.4
3839	705.4
3840	725.2
3841	740.6
3842	753.8
3843	766.6
3844	778.6
3845	793.6
3846	804.8
3847	814.2
3848	822.4
3849	829.2
3850	833.4
3851	833.4
3852	833.2
3853	832.8
3854	832.0
3855	830.8
3856	826.2
3857	821.6
3858	816.8
3859	813.2
3860	806.8
3861	801.4
3862	797.4
3863	793.8
3864	790.6
3865	787.8
3866	785.4
3867	783.4
3868	782.4
3869	782.4
3870	783.0
3871	788.2
3872	793.0
3873	797.2
3874	801.0
3875	804.6
3876	807.4
3877	809.6
3878	812.0
3879	812.8
3880	809.6
3881	802.6
3882	794.8
3883	788.0
3884	782.6
3885	778.2
3886	774.8
3887	772.4
3888	770.8
3889	768.8
3890	767.6
3891	770.0
3892	774.2
3893	779.0
3894	783.2
3895	786.8
3896	789.6
3897	792.2
3898	794.8
3899	797.0
3900	802.8
3901	810.8
3902	818.4
3903	825.4
3904	832.2
3905	839.8
3906	847.0
3907	854.8
3908	862.4
3909	869.2
3910	878.4
3911	883.6
3912	886.0
3913	887.4
3914	887.4
3915	885.6
3916	881.4
3917	876.8
3918	872.2
3919	868.2
3920	853.6
3921	835.6
3922	819.6
3923	806.2
3924	795.2
3925	794.0
3926	796.8
3927	801.4
3928	807.4
3929	814.6
3930	828.6
3931	853.8
3932	886.6
3933	915.2
3934	940.4
3935	967.0
3936	985.6
3937	998.2
3938	1008.8
3939	1016.8
3940	1023.8
3941	1023.8
3942	1019.6
3943	1013.8
3944	1005.8
3945	990.2
3946	966.0
3947	942.2
3948	918.8
3949	895.0
3950	860.4
3951	828.2
3952	798.2
3953	771.8
3954	747.8
3955	724.4
3956	706.8
3957	693.8
3958	682.2
3959	671.4
3960	666.8
3961	669.6
3962	672.4
3963	675.6
3964	679.2
3965	679.8
3966	681.8
3967	684.4
3968	687.2
3969	690.4
3970	690.4
3971	687.8
3972	684.2
3973	681.8
3974	680.2
3975	678.8
3976	678.8
3977	681.0
3978	684.2
3979	688.4
3980	697.0
3981	709.2
3982	722.8
3983	736.8
3984	750.6
3985	765.8
3986	782.8
3987	800.6
3988	819.4
3989	835.8
3990	856.0
3991	873.2
3992	889.2
3993	904.4
3994	918.2
3995	934.6
3996	949.8
3997	964.2
3998	977.6
3999	989.2
4000	998.0
4001	1001.8
4002	1003.6
4003	1005.8
4004	1009.2
4005	1013.4
4006	1015.0
4007	1016.0
4008	1017.4
4009	1019.6
4010	1027.2
4011	1038.4
4012	1050.0
4013	1061.6
4014	1071.0
4015	1077.6
4016	1082.8
4017	1086.8
4018	1090.0
4019	1092.8
4020	1099.0
4021	1101.0
4022	1101.2
4023	1101.2
4024	1101.4
4025	1104.0
4026	1107.6
4027	1109.4
4028	1109.4
4029	1109.4
4030	1109.4
4031	1105.2
4032	1098.6
4033	1091.0
4034	1083.4
4035	1070.4
4036	1054.6
4037	1037.0
4038	1020.6
4039	1004.8
4040	988.4
4041	971.2
4042	953.0
4043	935.2
4044	919.6
4045	898.8
4046	879.4
4047	860.2
4048	842.6
4049	826.2
4050	805.8
4051	785.4
4052	766.0
4053	747.6
4054	731.0
4055	710.4
4056	694.8
4057	681.0
4058	668.8
4059	658.0
4060	648.6
4061	644.0
4062	640.4
4063	637.2
4064	634.0
4065	631.6
4066	631.6
4067	631.6
4068	631.6
4069	631.4
4070	630.2
4071	628.6
4072	626.8
4073	625.2
4074	625.0
4075	621.6
4076	617.4
4077	614.4
4078	612.4
4079	610.2
4080	608.0
4081	605.8
4082	605.8
4083	606.6
4084	609.0
4085	614.4
4086	625.8
4087	639.4
4088	653.8
4089	669.6
4090	692.8
4091	718.4
4092	745.4
4093	772.6
4094	798.0
4095	820.8
4096	839.2
4097	856.2
4098	875.2
4099	894.0
4100	927.2
4101	951.4
4102	974.0
4103	994.4
4104	1013.0
4105	1027.4
4106	1043.2
4107	1057.0
4108	1068.8
4109	1077.0
4110	1084.6
4111	1074.6
4112	1062.4
4113	1049.8
4114	1037.2
4115	1020.6
4116	1006.4
4117	992.4
4118	978.6
4119	964.6
4120	957.0
4121	947.4
4122	937.4
4123	926.6
4124	914.6
4125	894.6
4126	875.8
4127	857.4
4128	840.4
4129	825.0
4130	805.8
4131	782.4
4132	758.0
4133	735.8
4134	715.2
4135	688.6
4136	669.4
4137	653.2
4138	639.8
4139	628.2
4140	614.2
4141	604.8
4142	598.4
4143	594.2
4144	591.2
4145	591.0
4146	598.2
4147	607.2
4148	617.2
4149	628.4
4150	643.6
4151	665.4
4152	687.8
4153	710.6
4154	733.8
4155	760.8
4156	790.6
4157	820.6
4158	850.4
4159	884.4
4160	927.2
4161	967.0
4162	1001.8
4163	1033.0
4164	1060.8
4165	1081.4
4166	1092.6
4167	1098.8
4168	1102.2
4169	1102.2
4170	1085.4
4171	1053.2
4172	1017.4
4173	984.8
4174	955.2
4175	932.6
4176	916.6
4177	905.2
4178	895.8
4179	890.6
4180	895.0
4181	918.0
4182	942.2
4183	965.2
4184	986.0
4185	1002.2
4186	1012.2
4187	1021.4
4188	1030.0
4189	1038.0
4190	1064.0
4191	1078.6
4192	1088.0
4193	1095.4
4194	1099.2
4195	1096.6
4196	1094.2
4197	1091.0
4198	1086.2
4199	1079.8
4200	1071.6
4201	1042.6
4202	1014.0
4203	986.2
4204	958.8
4205	925.0
4206	898.4
4207	873.2
4208	849.2
4209	829.2
4210	809.2
4211	790.4
4212	772.8
4213	756.4
4214	741.4
4215	723.6
4216	713.6
4217	705.2
4218	697.4
4219	690.8
4220	685.6
4221	681.8
4222	679.0
4223	677.0
4224	676.8
4225	676.8
4226	681.4
4227	686.0
4228	690.6
4229	695.0
4230	695.0
4231	695.0
4232	695.0
4233	696.0
4234	698.4
4235	702.2
4236	707.4
4237	713.2
4238	719.6
4239	727.0
4240	735.6
4241	749.4
4242	764.6
4243	780.2
4244	794.8
4245	816.4
4246	838.4
4247	859.4
4248	880.8
4249	900.2
4250	911.4
4251	918.0
4252	924.0
4253	929.6
4254	935.0
4255	947.8
4256	953.0
4257	955.4
4258	957.6
4259	957.8
4260	957.8
4261	961.0
4262	966.8
4263	971.8
4264	975.6
4265	988.0
4266	988.8
4267	987.8
4268	986.0
4269	983.2
4270	974.4
4271	966.2
4272	957.6
4273	948.8
4274	939.4
4275	925.2
4276	900.6
4277	875.2
4278	852.0
4279	833.8
4280	817.4
4281	807.0
4282	800.6
4283	796.0
4284	791.0
4285	785.8
4286	785.8
4287	786.2
4288	786.4
4289	786.4
4290	784.8
4291	782.6
4292	782.6
4293	782.8
4294	784.2
4295	800.4
4296	819.4
4297	839.2
4298	859.8
4299	881.6
4300	902.6
4301	924.8
4302	948.0
4303	969.4
4304	988.6
4305	1006.6
4306	1006.6
4307	1006.6
4308	1005.6
4309	1004.0
4310	997.2
4311	990.8
4312	984.8
4313	979.4
4314	976.4
4315	981.2
4316	983.6
4317	985.6
4318	987.4
4319	987.8
4320	992.8
4321	1002.8
4322	1011.2
4323	1017.6
4324	1020.8
4325	1020.8
4326	1010.8
4327	999.8
4328	987.8
4329	974.8
4330	952.6
4331	925.8
4332	899.4
4333	871.8
4334	847.0
4335	827.8
4336	810.4
4337	794.4
4338	780.2
4339	766.6
4340	749.6
4341	742.6
4342	736.4
4343	730.8
4344	725.4
4345	718.2
4346	710.8
4347	704.4
4348	698.4
4349	694.4
4350	694.4
4351	698.2
4352	702.8
4353	707.6
4354	712.2
4355	720.8
4356	732.8
4357	745.0
4358	756.4
4359	768.0
4360	787.0
4361	803.2
4362	817.6
4363	829.0
4364	837.6
4365	838.4
4366	833.8
4367	825.4
4368	815.8
4369	805.2
4370	789.8
4371	763.6
4372	738.6
4373	715.4
4374	693.8
4375	671.6
4376	654.6
4377	640.8
4378	628.4
4379	616.6
4380	608.8
4381	605.6
4382	603.6
4383	602.6
4384	602.6
4385	603.0
4386	606.0
4387	608.8
4388	610.4
4389	610.8
4390	610.0
4391	605.2
4392	600.0
4393	594.2
4394	588.6
4395	579.6
4396	569.2
4397	558.2
4398	547.4
4399	537.8
4400	523.0
4401	508.6
4402	495.8
4403	484.2
4404	473.8
4405	462.0
4406	451.6
4407	444.4
4408	438.6
4409	433.8
4410	428.8
4411	428.8
4412	431.8
4413	436.0
4414	441.0
4415	448.4
4416	460.6
4417	474.6
4418	489.0
4419	504.4
4420	530.2
4421	559.8
4422	590.0
4423	619.6
4424	647.0
4425	677.8
4426	705.8
4427	731.4
4428	754.6
4429	776.2
4430	787.6
4431	783.2
4432	777.0
4433	771.8
4434	767.2
4435	764.2
4436	759.2
4437	754.8
4438	752.0
4439	751.2
4440	751.2
4441	757.8
4442	769.0
4443	780.8
4444	790.6
4445	807.0
4446	825.2
4447	844.0
4448	865.6
4449	888.2
4450	919.8
4451	952.0
4452	984.0
4453	1014.2
4454	1042.2
4455	1083.2
4456	1115.0
4457	1142.4
4458	1165.8
4459	1184.8
4460	1193.8
4461	1190.6
4462	1184.2
4463	1176.6
4464	1168.0
4465	1158.4
4466	1136.0
4467	1113.0
4468	1090.6
4469	1068.8
4470	1039.0
4471	1015.0
4472	994.2
4473	974.8
4474	956.8
4475	951.0
4476	948.6
4477	945.0
4478	941.0
4479	935.6
4480	927.0
4481	925.8
4482	923.8
4483	919.6
4484	912.8
4485	898.4
4486	866.0
4487	833.4
4488	805.0
4489	779.0
4490	749.2
4491	723.8
4492	701.2
4493	681.4
4494	663.8
4495	654.0
4496	651.6
4497	651.6
4498	651.4
4499	651.4
4500	650.6
4501	652.0
4502	653.6
4503	653.6
4504	653.4
4505	644.0
4506	629.4
4507	614.0
4508	600.0
4509	588.2
4510	574.8
4511	564.6
4512	557.0
4513	551.2
4514	548.2
4515	548.2
4516	557.4
4517	567.4
4518	578.0
4519	588.4
4520	595.2
4521	604.8
4522	616.0
4523	627.8
4524	640.6
4525	663.4
4526	687.4
4527	710.4
4528	733.4
4529	755.6
4530	780.0
4531	810.2
4532	840.8
4533	873.0
4534	903.8
4535	939.4
4536	963.6
4537	980.8
4538	995.6
4539	1005.6
4540	998.8
4541	987.2
4542	975.0
4543	963.6
4544	953.0
4545	951.4
4546	941.6
4547	928.8
4548	917.4
4549	907.6
4550	906.6
4551	922.6
4552	939.2
4553	953.0
4554	963.6
4555	964.0
4556	954.0
4557	942.0
4558	929.6
4559	916.4
4560	885.0
4561	847.8
4562	817.2
4563	790.4
4564	767.8
4565	753.0
4566	747.2
4567	744.0
4568	743.2
4569	743.2
4570	747.0
4571	766.6
4572	786.0
4573	804.4
4574	822.6
4575	836.0
4576	842.4
4577	847.0
4578	852.6
4579	858.0
4580	867.8
4581	874.4
4582	881.2
4583	888.6
4584	896.6
4585	912.2
4586	933.0
4587	954.0
4588	973.6
4589	991.4
4590	1008.6
4591	1020.4
4592	1030.0
4593	1036.8
4594	1041.2
4595	1041.2
4596	1032.8
4597	1021.2
4598	1009.0
4599	996.4
4600	974.6
4601	950.4
4602	927.8
4603	906.2
4604	885.4
4605	866.4
4606	849.4
4607	837.0
4608	826.4
4609	817.2
4610	813.8
4611	818.8
4612	826.2
4613	833.8
4614	840.6
4615	845.4
4616	849.6
4617	855.0
4618	861.0
4619	866.2
4620	870.8
4621	872.8
4622	874.0
4623	875.8
4624	878.0
4625	888.2
4626	903.0
4627	916.6
4628	929.2
4629	939.4
4630	951.6
4631	963.2
4632	973.4
4633	981.6
4634	986.2
4635	983.0
4636	970.6
4637	956.2
4638	942.8
4639	930.4
4640	914.6
4641	897.4
4642	881.4
4643	867.6
4644	855.6
4645	850.6
4646	854.2
4647	861.4
4648	869.6
4649	879.2
4650	894.4
4651	914.8
4652	935.0
4653	954.8
4654	974.0
4655	994.6
4656	1012.4
4657	1029.2
4658	1045.2
4659	1060.4
4660	1088.4
4661	1111.4
4662	1131.2
4663	1147.8
4664	1161.6
4665	1172.6
4666	1179.8
4667	1182.8
4668	1182.8
4669	1181.4
4670	1169.8
4671	1139.2
4672	1107.0
4673	1075.8
4674	1046.0
4675	1015.2
4676	985.6
4677	957.4
4678	931.0
4679	906.8
4680	878.8
4681	859.4
4682	845.4
4683	833.8
4684	822.8
4685	810.6
4686	801.0
4687	792.8
4688	785.6
4689	779.4
4690	770.8
4691	764.4
4692	759.8
4693	756.0
4694	753.4
4695	753.4
4696	755.6
4697	758.2
4698	761.4
4699	765.0
4700	766.2
4701	770.4
4702	776.6
4703	783.2
4704	790.4
4705	805.8
4706	820.2
4707	833.4
4708	846.2
4709	860.0
4710	878.4
4711	900.6
4712	920.2
4713	937.6
4714	953.2
4715	962.4
4716	962.2
4717	961.2
4718	960.0
4719	958.4
4720	949.4
4721	937.2
4722	925.0
4723	914.6
4724	907.8
4725	908.2
4726	914.8
4727	922.2
4728	929.4
4729	936.0
4730	942.0
4731	954.4
4732	966.2
4733	976.6
4734	986.2
4735	990.0
4736	986.0
4737	979.4
4738	973.6
4739	968.4
4740	968.8
4741	970.8
4742	974.4
4743	977.8
4744	981.2
4745	989.6
4746	1003.0
4747	1016.0
4748	1026.8
4749	1035.6
4750	1051.8
4751	1059.6
4752	1061.8
4753	1061.6
4754	1059.2
4755	1054.4
4756	1042.0
4757	1023.6
4758	1002.2
4759	979.8
4760	951.4
4761	912.0
4762	868.6
4763	828.2
4764	791.2
4765	749.2
4766	709.2
4767	670.0
4768	633.8
4769	600.4
4770	561.8
4771	525.2
4772	493.6
4773	465.2
4774	439.4
4775	411.4
4776	390.4
4777	372.6
4778	357.0
4779	344.0
4780	337.8
4781	338.4
4782	342.2
4783	346.4
4784	350.8
4785	361.2
4786	377.0
4787	391.8
4788	405.4
4789	417.8
4790	426.0
4791	427.8
4792	427.8
4793	427.4
4794	426.4
4795	424.6
4796	416.4
4797	407.4
4798	398.8
4799	391.2
4800	379.0
4801	369.2
4802	361.0
4803	353.8
4804	347.6
4805	344.4
4806	342.8
4807	341.6
4808	340.8
4809	340.6
4810	342.4
4811	349.4
4812	357.2
4813	364.4
4814	370.2
4815	370.2
4816	368.6
4817	366.0
4818	363.4
4819	361.4
4820	358.6
4821	352.4
4822	347.8
4823	344.2
4824	343.2
4825	347.4
4826	357.8
4827	368.4
4828	379.6
4829	390.0
4830	398.2
4831	407.6
4832	418.4
4833	428.6
4834	438.4
4835	449.0
4836	454.4
4837	459.4
4838	464.6
4839	469.6
4840	476.6
4841	487.4
4842	499.6
4843	512.2
4844	524.8
4845	535.0
4846	543.0
4847	550.4
4848	558.0
4849	566.0
4850	574.6
4851	582.2
4852	589.4
4853	596.4
4854	604.6
4855	613.8
4856	625.2
4857	637.4
4858	649.4
4859	662.6
4860	674.0
4861	683.2
4862	692.8
4863	702.0
4864	712.8
4865	724.2
4866	736.0
4867	747.8
4868	760.2
4869	773.4
4870	790.2
4871	809.8
4872	831.0
4873	852.0
4874	874.4
4875	899.6
4876	920.0
4877	938.2
4878	955.8
4879	971.4
4880	989.6
4881	1002.2
4882	1013.6
4883	1024.2
4884	1032.2
4885	1040.6
4886	1044.0
4887	1046.8
4888	1049.4
4889	1052.0
4890	1062.2
4891	1068.2
4892	1073.4
4893	1077.6
4894	1080.8
4895	1080.8
4896	1080.8
4897	1080.8
4898	1080.8
4899	1078.8
4900	1075.6
4901	1065.2
4902	1054.2
4903	1044.0
4904	1034.4
4905	1027.2
4906	1024.8
4907	1022.2
4908	1020.2
4909	1020.0
4910	1020.0
4911	1021.0
4912	1022.0
4913	1022.0
4914	1022.0
4915	1021.6
4916	1018.6
4917	1015.2
4918	1012.0
4919	1007.8
4920	1007.8
4921	1007.8
4922	1007.6
4923	1006.4
4924	1004.8
4925	1002.8
4926	1001.0
4927	999.0
4928	996.4
4929	994.2
4930	993.0
4931	987.2
4932	979.4
4933	971.6
4934	963.2
4935	954.2
4936	944.8
4937	935.6
4938	925.8
4939	916.6
4940	901.0
4941	883.2
4942	864.8
4943	847.8
4944	833.4
4945	819.2
4946	805.4
4947	793.0
4948	781.8
4949	771.4
4950	757.0
4951	747.4
4952	739.6
4953	733.2
4954	727.2
4955	727.2
4956	727.4
4957	728.4
4958	729.0
4959	729.0
4960	728.4
4961	730.2
4962	732.8
4963	735.6
4964	738.0
4965	737.8
4966	733.4
4967	730.0
4968	728.8
4969	728.8
4970	729.0
4971	733.8
4972	740.6
4973	748.6
4974	758.4
4975	775.8
4976	802.2
4977	830.4
4978	858.6
4979	888.6
4980	916.4
4981	942.6
4982	967.4
4983	989.6
4984	1010.6
4985	1030.2
4986	1039.2
4987	1041.8
4988	1044.0
4989	1044.0
4990	1044.0
4991	1042.4
4992	1040.2
4993	1038.0
4994	1036.2
4995	1033.2
4996	1028.8
4997	1023.6
4998	1018.6
4999	1013.6
5000	1013.0
5001	1013.0
5002	1013.0
5003	1012.2
5004	1011.4
5005	1011.0
5006	1010.2
5007	1008.4
5008	1005.4
5009	1002.0
5010	998.6
5011	990.2
5012	979.8
5013	968.8
5014	956.2
5015	939.2
5016	918.6
5017	896.8
5018	873.2
5019	849.8
5020	816.6
5021	785.2
5022	756.2
5023	731.2
5024	708.0
5025	686.4
5026	669.0
5027	655.0
5028	643.4
5029	633.8
5030	628.6
5031	633.2
5032	637.8
5033	642.6
5034	647.4
5035	650.0
5036	653.2
5037	657.6
5038	662.4
5039	668.2
5040	674.8
5041	681.0
5042	687.6
5043	695.4
5044	702.6
5045	714.0
5046	729.6
5047	746.6
5048	764.4
5049	782.4
5050	805.4
5051	830.4
5052	854.8
5053	881.4
5054	904.6
5055	928.8
5056	947.8
5057	964.8
5058	980.6
5059	994.6
5060	1001.4
5061	1001.4
5062	999.4
5063	997.8
5064	996.2
5065	996.0
5066	993.8
5067	993.0
5068	993.0
5069	993.4
5070	998.4
5071	1008.4
5072	1019.2
5073	1029.8
5074	1039.8
5075	1049.8
5076	1059.8
5077	1069.2
5078	1078.4
5079	1087.4
5080	1094.0
5081	1096.0
5082	1098.2
5083	1101.4
5084	1105.4
5085	1113.2
5086	1122.6
5087	1132.2
5088	1142.0
5089	1152.2
5090	1171.0
5091	1191.0
5092	1210.4
5093	1228.4
5094	1244.4
5095	1261.8
5096	1274.4
5097	1283.8
5098	1291.4
5099	1296.2
5100	1299.8
5101	1294.0
5102	1286.6
5103	1277.4
5104	1266.8
5105	1250.2
5106	1228.0
5107	1205.0
5108	1181.8
5109	1158.6
5110	1124.4
5111	1088.6
5112	1054.0
5113	1022.0
5114	992.6
5115	965.4
5116	945.4
5117	929.4
5118	915.4
5119	903.6
5120	895.8
5121	900.4
5122	906.0
5123	912.0
5124	918.0
5125	924.2
5126	930.6
5127	937.0
5128	943.4
5129	949.6
5130	952.2
5131	954.2
5132	956.6
5133	959.2
5134	962.2
5135	965.2
5136	968.0
5137	972.0
5138	976.8
5139	981.8
5140	992.8
5141	1009.2
5142	1026.0
5143	1042.0
5144	1057.0
5145	1079.0
5146	1103.6
5147	1127.2
5148	1148.6
5149	1168.2
5150	1188.4
5151	1201.8
5152	1211.8
5153	1220.2
5154	1227.4
5155	1237.0
5156	1237.0
5157	1233.6
5158	1229.6
5159	1223.4
5160	1214.8
5161	1203.2
5162	1190.0
5163	1176.0
5164	1160.8
5165	1131.4
5166	1094.8
5167	1060.8
5168	1028.8
5169	999.0
5170	979.6
5171	964.0
5172	950.2
5173	938.2
5174	927.8
5175	924.4
5176	933.6
5177	946.0
5178	956.8
5179	965.6
5180	976.0
5181	976.0
5182	975.2
5183	972.8
5184	969.2
5185	963.8
5186	953.2
5187	941.2
5188	928.6
5189	915.0
5190	896.2
5191	871.8
5192	848.0
5193	828.0
5194	808.6
5195	790.2
5196	773.2
5197	756.6
5198	740.8
5199	727.0
5200	709.8
5201	696.6
5202	683.8
5203	671.0
5204	658.2
5205	626.2
5206	597.0
5207	572.2
5208	551.0
5209	534.4
5210	532.0
5211	536.8
5212	542.8
5213	549.8
5214	558.2
5215	574.2
5216	611.8
5217	648.0
5218	683.4
5219	714.0
5220	735.4
5221	735.4
5222	729.6
5223	723.0
5224	716.2
5225	706.4
5226	688.4
5227	668.4
5228	649.6
5229	635.2
5230	620.0
5231	610.0
5232	604.0
5233	598.8
5234	595.6
5235	596.8
5236	602.6
5237	608.0
5238	612.4
5239	614.4
5240	611.8
5241	611.0
5242	610.0
5243	608.4
5244	606.0
5245	602.8
5246	593.8
5247	581.8
5248	569.8
5249	558.2
5250	542.8
5251	531.4
5252	520.8
5253	510.6
5254	500.8
5255	492.8
5256	485.0
5257	477.0
5258	469.8
5259	463.4
5260	458.0
5261	457.6
5262	457.6
5263	457.0
5264	455.6
5265	453.4
5266	449.4
5267	445.4
5268	441.2
5269	437.4
5270	429.4
5271	421.0
5272	413.2
5273	406.2
5274	400.0
5275	395.4
5276	392.0
5277	389.4
5278	387.6
5279	386.0
5280	385.6
5281	387.6
5282	389.8
5283	391.6
5284	393.4
5285	397.4
5286	402.6
5287	407.2
5288	411.4
5289	413.8
5290	413.8
5291	413.8
5292	413.8
5293	413.8
5294	414.6
5295	415.4
5296	415.2
5297	414.4
5298	414.4
5299	414.4
5300	414.6
5301	417.6
5302	422.4
5303	427.2
5304	430.6
5305	429.2
5306	427.8
5307	427.4
5308	427.4
5309	428.4
5310	430.4
5311	433.8
5312	438.6
5313	443.8
5314	452.0
5315	457.8
5316	470.4
5317	483.2
5318	496.4
5319	511.0
5320	526.4
5321	542.4
5322	559.4
5323	577.6
5324	596.6
5325	619.4
5326	650.2
5327	683.8
5328	717.6
5329	751.6
5330	792.2
5331	833.8
5332	879.0
5333	923.0
5334	963.8
5335	1014.8
5336	1059.2
5337	1094.8
5338	1127.2
5339	1156.8
5340	1183.2
5341	1199.4
5342	1212.2
5343	1221.8
5344	1227.2
5345	1220.0
5346	1196.6
5347	1170.8
5348	1147.2
5349	1125.8
5350	1113.4
5351	1102.4
5352	1092.4
5353	1083.4
5354	1075.6
5355	1070.4
5356	1076.0
5357	1085.0
5358	1093.2
5359	1100.2
5360	1101.4
5361	1095.2
5362	1089.4
5363	1084.2
5364	1082.0
5365	1087.6
5366	1097.6
5367	1106.8
5368	1114.8
5369	1121.4
5370	1126.4
5371	1133.2
5372	1139.2
5373	1143.2
5374	1143.4
5375	1142.6
5376	1131.4
5377	1114.4
5378	1097.4
5379	1080.0
5380	1057.2
5381	1035.0
5382	1013.6
5383	992.8
5384	972.4
5385	946.6
5386	923.0
5387	901.0
5388	879.2
5389	857.8
5390	844.4
5391	840.0
5392	836.0
5393	832.2
5394	828.4
5395	826.2
5396	828.2
5397	829.8
5398	830.8
5399	831.2
5400	832.8
5401	831.6
5402	828.0
5403	824.0
5404	819.6
5405	813.6
5406	807.8
5407	801.8
5408	796.0
5409	791.4
5410	791.4
5411	791.4
5412	789.4
5413	785.8
5414	780.4
5415	767.2
5416	754.4
5417	741.2
5418	727.0
5419	712.2
5420	692.4
5421	664.4
5422	635.4
5423	609.2
5424	586.2
5425	558.8
5426	536.2
5427	515.4
5428	496.0
5429	479.8
5430	461.8
5431	448.2
5432	437.8
5433	428.2
5434	419.6
5435	407.8
5436	402.2
5437	399.4
5438	397.6
5439	396.4
5440	391.4
5441	389.6
5442	389.6
5443	390.2
5444	391.8
5445	406.4
5446	425.0
5447	442.6
5448	460.2
5449	477.2
5450	491.8
5451	509.0
5452	526.0
5453	541.0
5454	554.6
5455	564.0
5456	558.0
5457	551.0
5458	545.0
5459	539.0
5460	527.6
5461	515.2
5462	505.6
5463	497.6
5464	491.2
5465	489.8
5466	490.4
5467	492.4
5468	495.6
5469	500.4
5470	509.6
5471	527.0
5472	547.4
5473	568.0
5474	587.4
5475	606.4
5476	622.2
5477	636.6
5478	650.6
5479	665.2
5480	676.4
5481	682.6
5482	688.2
5483	695.0
5484	703.0
5485	721.0
5486	741.2
5487	762.0
5488	782.6
5489	803.4
5490	830.0
5491	863.2
5492	899.2
5493	929.6
5494	957.2
5495	986.0
5496	1001.6
5497	1012.4
5498	1021.2
5499	1028.0
5500	1031.0
5501	1028.4
5502	1021.4
5503	1013.2
5504	1003.8
5505	985.8
5506	962.2
5507	938.8
5508	916.6
5509	894.8
5510	874.4
5511	854.4
5512	837.6
5513	822.2
5514	807.6
5515	789.4
5516	778.8
5517	770.4
5518	762.6
5519	757.4
5520	759.4
5521	763.6
5522	767.0
5523	769.0
5524	770.4
5525	770.4
5526	772.4
5527	772.4
5528	772.4
5529	771.0
5530	767.8
5531	754.8
5532	738.4
5533	722.4
5534	706.6
5535	686.6
5536	670.8
5537	655.8
5538	642.0
5539	627.6
5540	618.2
5541	609.0
5542	599.8
5543	591.4
5544	583.2
5545	575.4
5546	570.0
5547	564.4
5548	558.4
5549	551.4
5550	544.2
5551	532.0
5552	519.2
5553	506.2
5554	492.8
5555	478.8
5556	464.4
5557	449.6
5558	435.8
5559	421.8
5560	402.6
5561	384.8
5562	368.2
5563	352.6
5564	338.4
5565	323.6
5566	309.2
5567	296.4
5568	285.2
5569	274.8
5570	262.4
5571	255.0
5572	250.0
5573	246.2
5574	243.0
5575	238.0
5576	234.8
5577	234.6
5578	234.6
5579	235.6
5580	237.6
5581	243.6
5582	251.2
5583	260.2
5584	270.2
5585	288.6
5586	311.2
5587	334.8
5588	358.0
5589	381.6
5590	404.6
5591	428.8
5592	452.2
5593	476.2
5594	498.4
5595	518.4
5596	525.6
5597	532.2
5598	539.4
5599	547.2
5600	559.6
5601	572.0
5602	584.2
5603	596.6
5604	608.4
5605	623.6
5606	640.6
5607	658.8
5608	677.0
5609	695.0
5610	715.6
5611	729.8
5612	743.4
5613	756.2
5614	768.6
5615	780.4
5616	787.6
5617	793.8
5618	798.8
5619	803.6
5620	813.2
5621	817.0
5622	819.2
5623	819.2
5624	819.2
5625	818.0
5626	815.6
5627	812.0
5628	807.2
5629	802.2
5630	792.2
5631	776.0
5632	759.8
5633	744.0
5634	729.2
5635	707.6
5636	684.0
5637	662.6
5638	644.0
5639	628.6
5640	620.0
5641	616.2
5642	613.2
5643	611.0
5644	609.4
5645	605.0
5646	606.8
5647	612.6
5648	618.4
5649	626.4
5650	627.4
5651	623.4
5652	620.4
5653	620.4
5654	620.6
5655	627.0
5656	639.8
5657	653.6
5658	668.6
5659	683.8
5660	703.6
5661	730.6
5662	757.4
5663	784.6
5664	811.0
5665	846.8
5666	877.8
5667	905.4
5668	928.2
5669	947.6
5670	956.6
5671	952.2
5672	946.6
5673	940.6
5674	934.2
5675	927.2
5676	908.2
5677	889.8
5678	872.0
5679	855.6
5680	844.4
5681	840.4
5682	839.8
5683	839.4
5684	839.4
5685	842.8
5686	845.0
5687	845.0
5688	845.0
5689	843.8
5690	832.0
5691	817.8
5692	803.8
5693	791.0
5694	779.2
5695	772.0
5696	760.2
5697	748.8
5698	738.4
5699	728.6
5700	714.0
5701	707.8
5702	702.6
5703	698.0
5704	694.0
5705	689.8
5706	682.0
5707	675.2
5708	669.2
5709	664.0
5710	661.4
5711	663.0
5712	665.2
5713	667.2
5714	667.2
5715	664.8
5716	661.8
5717	659.2
5718	656.4
5719	655.6
5720	655.6
5721	656.6
5722	657.8
5723	659.4
5724	660.8
5725	661.0
5726	664.6
5727	668.6
5728	671.8
5729	675.0
5730	675.8
5731	675.2
5732	673.6
5733	672.4
5734	671.2
5735	668.8
5736	667.6
5737	667.0
5738	666.6
5739	666.6
5740	663.4
5741	659.4
5742	657.6
5743	657.6
5744	658.2
5745	662.4
5746	669.6
5747	678.2
5748	687.6
5749	696.2
5750	710.0
5751	728.6
5752	749.4
5753	770.8
5754	791.8
5755	812.8
5756	830.6
5757	846.6
5758	864.6
5759	880.8
5760	903.0
5761	917.6
5762	931.4
5763	943.8
5764	955.2
5765	965.0
5766	973.6
5767	981.8
5768	989.8
5769	996.6
5770	1008.4
5771	1016.2
5772	1023.0
5773	1028.2
5774	1033.8
5775	1039.8
5776	1045.6
5777	1051.2
5778	1055.8
5779	1059.6
5780	1061.4
5781	1059.8
5782	1056.0
5783	1052.0
5784	1048.0
5785	1037.4
5786	1026.4
5787	1016.2
5788	1007.2
5789	998.4
5790	990.2
5791	983.0
5792	976.8
5793	972.0
5794	970.2
5795	979.0
5796	992.8
5797	1006.4
5798	1018.4
5799	1028.4
5800	1041.0
5801	1052.2
5802	1061.4
5803	1068.4
5804	1071.2
5805	1067.4
5806	1048.2
5807	1029.6
5808	1011.8
5809	995.0
5810	979.6
5811	962.0
5812	945.8
5813	931.4
5814	918.2
5815	915.4
5816	919.6
5817	926.0
5818	930.8
5819	933.4
5820	938.4
5821	942.2
5822	942.2
5823	941.2
5824	937.0
5825	926.0
5826	905.0
5827	879.4
5828	852.8
5829	829.2
5830	798.0
5831	764.2
5832	731.6
5833	701.6
5834	673.8
5835	644.6
5836	620.4
5837	599.2
5838	580.8
5839	564.6
5840	558.8
5841	560.0
5842	562.4
5843	564.6
5844	566.8
5845	567.4
5846	571.0
5847	575.8
5848	579.6
5849	581.4
5850	580.6
5851	571.0
5852	560.8
5853	551.6
5854	543.6
5855	539.0
5856	536.8
5857	535.6
5858	534.6
5859	534.4
5860	534.6
5861	538.4
5862	542.6
5863	545.6
5864	547.4
5865	547.4
5866	544.8
5867	541.0
5868	537.8
5869	532.6
5870	526.6
5871	517.4
5872	507.6
5873	498.2
5874	489.6
5875	479.6
5876	469.8
5877	460.6
5878	452.0
5879	444.0
5880	436.8
5881	431.2
5882	427.2
5883	423.4
5884	420.4
5885	417.0
5886	417.0
5887	417.0
5888	417.2
5889	417.8
5890	418.6
5891	421.0
5892	423.6
5893	426.4
5894	428.6
5895	430.6
5896	433.4
5897	436.0
5898	438.6
5899	441.4
5900	442.6
5901	443.4
5902	444.4
5903	446.0
5904	447.8
5905	451.2
5906	455.4
5907	460.4
5908	465.8
5909	471.6
5910	478.4
5911	487.4
5912	497.2
5913	507.0
5914	517.0
5915	528.2
5916	539.0
5917	549.6
5918	560.6
5919	571.4
5920	583.2
5921	594.2
5922	604.6
5923	615.2
5924	625.2
5925	635.2
5926	643.0
5927	650.8
5928	659.2
5929	667.4
5930	675.6
5931	682.6
5932	689.0
5933	695.4
5934	701.4
5935	707.0
5936	712.4
5937	718.0
5938	723.6
5939	729.0
5940	733.6
5941	738.4
5942	743.2
5943	748.4
5944	755.0
5945	765.8
5946	777.6
5947	789.4
5948	801.0
5949	813.2
5950	831.2
5951	849.8
5952	870.6
5953	889.8
5954	906.8
5955	926.0
5956	938.6
5957	949.2
5958	957.8
5959	964.4
5960	969.6
5961	969.0
5962	965.6
5963	960.4
5964	953.2
5965	943.8
5966	926.8
5967	909.4
5968	890.4
5969	869.4
5970	845.0
5971	820.8
5972	796.2
5973	773.2
5974	750.6
5975	723.8
5976	697.2
5977	673.4
5978	651.2
5979	632.2
5980	609.8
5981	589.8
5982	573.4
5983	559.6
5984	547.4
5985	537.6
5986	536.0
5987	536.2
5988	537.6
5989	540.4
5990	547.2
5991	562.2
5992	580.2
5993	598.2
5994	616.8
5995	639.2
5996	664.6
5997	690.6
5998	716.0
5999	741.0
6000	771.8
6001	798.6
6002	823.2
6003	846.4
6004	871.6
6005	895.2
6006	910.8
6007	923.4
6008	934.8
6009	945.0
6010	950.0
6011	949.2
6012	947.8
6013	946.6
6014	945.8
6015	941.8
6016	937.2
6017	933.2
6018	931.4
6019	931.4
6020	931.8
6021	936.0
6022	941.0
6023	946.2
6024	952.4
6025	960.0
6026	971.2
6027	983.4
6028	995.8
6029	1007.6
6030	1029.6
6031	1049.6
6032	1067.2
6033	1083.0
6034	1097.4
6035	1106.6
6036	1112.8
6037	1117.4
6038	1120.8
6039	1123.6
6040	1126.6
6041	1120.6
6042	1113.6
6043	1106.0
6044	1098.8
6045	1086.6
6046	1075.0
6047	1064.6
6048	1054.0
6049	1043.4
6050	1030.4
6051	1013.8
6052	995.8
6053	979.0
6054	963.2
6055	944.2
6056	931.0
6057	921.0
6058	911.8
6059	903.8
6060	896.4
6061	891.8
6062	889.6
6063	889.6
6064	889.6
6065	893.0
6066	903.6
6067	913.8
6068	924.6
6069	935.2
6070	960.6
6071	986.0
6072	1008.4
6073	1027.8
6074	1042.6
6075	1055.2
6076	1060.2
6077	1060.2
6078	1058.0
6079	1052.6
6080	1031.2
6081	992.2
6082	952.0
6083	914.2
6084	876.4
6085	838.4
6086	805.6
6087	777.0
6088	750.6
6089	727.8
6090	705.0
6091	694.2
6092	685.6
6093	677.4
6094	669.8
6095	662.8
6096	658.8
6097	656.0
6098	653.8
6099	653.4
6100	653.4
6101	656.2
6102	659.0
6103	661.6
6104	664.4
6105	665.4
6106	666.6
6107	667.8
6108	669.0
6109	669.0
6110	667.8
6111	665.6
6112	663.0
6113	661.8
6114	661.8
6115	662.0
6116	665.2
6117	668.4
6118	672.0
6119	676.8
6120	682.6
6121	691.6
6122	701.0
6123	711.4
6124	722.0
6125	734.8
6126	748.4
6127	762.0
6128	775.2
6129	788.4
6130	803.4
6131	818.8
6132	832.0
6133	843.8
6134	854.8
6135	868.4
6136	877.2
6137	881.8
6138	884.8
6139	884.8
6140	884.6
6141	878.2
6142	868.8
6143	858.6
6144	847.8
6145	837.6
6146	823.6
6147	808.0
6148	792.2
6149	776.0
6150	758.8
6151	741.2
6152	724.2
6153	705.4
6154	687.8
6155	667.0
6156	644.4
6157	623.4
6158	602.2
6159	582.0
6160	557.8
6161	533.4
6162	510.4
6163	489.4
6164	470.2
6165	446.4
6166	428.0
6167	412.2
6168	398.2
6169	386.6
6170	373.4
6171	365.0
6172	359.8
6173	355.6
6174	353.6
6175	353.6
6176	359.0
6177	365.2
6178	372.2
6179	380.0
6180	391.0
6181	408.0
6182	425.4
6183	442.4
6184	460.0
6185	480.6
6186	500.8
6187	520.4
6188	538.6
6189	555.8
6190	575.2
6191	589.8
6192	601.4
6193	612.8
6194	621.4
6195	627.2
6196	627.2
6197	626.0
6198	624.4
6199	622.6
6200	615.4
6201	604.6
6202	594.8
6203	586.2
6204	577.4
6205	570.2
6206	564.6
6207	561.0
6208	559.4
6209	559.4
6210	560.0
6211	567.0
6212	575.0
6213	583.4
6214	593.0
6215	607.0
6216	623.6
6217	640.6
6218	657.6
6219	675.2
6220	696.6
6221	719.4
6222	740.0
6223	759.6
6224	777.8
6225	797.0
6226	811.0
6227	821.0
6228	829.2
6229	835.0
6230	837.0
6231	833.2
6232	825.0
6233	815.8
6234	805.6
6235	794.8
6236	779.6
6237	763.8
6238	747.6
6239	731.8
6240	714.8
6241	697.0
6242	680.0
6243	662.6
6244	645.2
6245	628.2
6246	610.4
6247	593.2
6248	577.0
6249	559.8
6250	542.6
6251	527.2
6252	512.2
6253	496.8
6254	482.0
6255	468.4
6256	455.2
6257	443.8
6258	433.2
6259	423.8
6260	412.6
6261	403.0
6262	394.2
6263	386.6
6264	381.0
6265	374.2
6266	368.2
6267	363.2
6268	359.0
6269	356.6
6270	351.4
6271	349.8
6272	349.8
6273	349.8
6274	350.8
6275	351.2
6276	354.8
6277	358.8
6278	363.6
6279	368.8
6280	374.4
6281	383.4
6282	392.8
6283	402.6
6284	412.8
6285	423.0
6286	433.0
6287	442.8
6288	453.0
6289	463.0
6290	475.4
6291	485.8
6292	495.8
6293	506.0
6294	516.0
6295	525.0
6296	534.0
6297	542.6
6298	551.4
6299	560.8
6300	570.8
6301	579.2
6302	587.4
6303	595.4
6304	603.6
6305	612.2
6306	621.6
6307	631.0
6308	640.8
6309	650.6
6310	663.2
6311	675.4
6312	686.8
6313	698.0
6314	708.8
6315	719.0
6316	728.8
6317	739.2
6318	749.6
6319	760.8
6320	783.0
6321	803.8
6322	824.4
6323	843.4
6324	862.0
6325	880.2
6326	897.4
6327	912.0
6328	924.0
6329	933.8
6330	939.4
6331	932.0
6332	921.6
6333	910.8
6334	899.4
6335	884.4
6336	869.4
6337	855.0
6338	843.0
6339	832.2
6340	821.8
6341	812.0
6342	803.0
6343	795.4
6344	789.0
6345	782.0
6346	777.6
6347	775.2
6348	775.0
6349	775.0
6350	780.0
6351	786.0
6352	792.6
6353	799.0
6354	805.2
6355	815.6
6356	828.4
6357	841.4
6358	853.2
6359	865.0
6360	878.2
6361	885.8
6362	890.2
6363	891.4
6364	891.4
6365	887.4
6366	876.2
6367	862.2
6368	847.6
6369	833.8
6370	812.6
6371	788.2
6372	763.2
6373	739.6
6374	718.6
6375	695.6
6376	675.4
6377	656.8
6378	639.8
6379	623.8
6380	608.6
6381	598.6
6382	589.8
6383	581.0
6384	572.6
6385	558.6
6386	547.6
6387	538.2
6388	529.4
6389	521.4
6390	510.8
6391	501.2
6392	493.2
6393	487.0
6394	482.6
6395	481.0
6396	484.6
6397	489.0
6398	493.4
6399	500.4
6400	504.2
6401	512.6
6402	521.8
6403	531.8
6404	542.4
6405	558.6
6406	578.0
6407	596.2
6408	615.0
6409	634.2
6410	656.2
6411	686.4
6412	716.2
6413	743.8
6414	769.6
6415	792.6
6416	806.6
6417	815.0
6418	821.8
6419	828.2
6420	832.8
6421	832.0
6422	826.8
6423	821.0
6424	814.6
6425	802.2
6426	790.6
6427	779.8
6428	769.4
6429	759.4
6430	745.8
6431	732.0
6432	718.8
6433	706.4
6434	694.8
6435	684.6
6436	681.2
6437	678.4
6438	676.6
6439	675.8
6440	675.8
6441	678.6
6442	682.2
6443	686.2
6444	690.6
6445	698.0
6446	706.4
6447	715.0
6448	723.4
6449	731.8
6450	744.2
6451	759.2
6452	772.8
6453	785.0
6454	796.2
6455	802.8
6456	804.6
6457	804.6
6458	804.6
6459	803.8
6460	800.4
6461	792.0
6462	781.0
6463	771.0
6464	762.0
6465	753.8
6466	750.2
6467	748.0
6468	746.6
6469	742.4
6470	739.2
6471	737.0
6472	735.4
6473	734.0
6474	731.6
6475	728.4
6476	724.8
6477	721.0
6478	716.6
6479	712.0
6480	707.8
6481	703.8
6482	700.6
6483	697.6
6484	693.8
6485	688.0
6486	681.0
6487	675.4
6488	670.4
6489	667.8
6490	667.8
6491	668.8
6492	671.4
6493	675.2
6494	680.2
6495	691.8
6496	708.6
6497	727.4
6498	745.8
6499	764.4
6500	785.2
6501	806.2
6502	826.2
6503	844.6
6504	863.6
6505	883.0
6506	893.8
6507	901.8
6508	908.8
6509	915.0
6510	919.2
6511	919.2
6512	918.4
6513	917.0
6514	915.2
6515	913.0
6516	909.2
6517	904.6
6518	899.6
6519	893.6
6520	884.0
6521	874.0
6522	864.2
6523	854.4
6524	846.0
6525	837.2
6526	828.6
6527	820.6
6528	813.2
6529	806.2
6530	801.6
6531	800.4
6532	799.4
6533	798.4
6534	797.8
6535	797.8
6536	797.8
6537	797.8
6538	797.8
6539	797.6
6540	794.8
6541	790.4
6542	785.8
6543	781.6
6544	777.8
6545	774.6
6546	771.6
6547	768.8
6548	766.4
6549	764.2
6550	761.4
6551	761.0
6552	761.0
6553	761.0
6554	761.0
6555	760.6
6556	759.4
6557	758.6
6558	758.2
6559	758.0
6560	754.6
6561	754.0
6562	754.0
6563	754.4
6564	755.0
6565	760.6
6566	767.8
6567	775.6
6568	783.6
6569	792.0
6570	809.2
6571	829.6
6572	849.0
6573	869.8
6574	889.2
6575	909.6
6576	922.0
6577	932.0
6578	940.0
6579	946.0
6580	948.0
6581	940.4
6582	932.2
6583	923.0
6584	914.2
6585	901.4
6586	884.2
6587	866.6
6588	849.4
6589	834.6
6590	815.6
6591	796.0
6592	778.4
6593	761.8
6594	747.4
6595	730.6
6596	716.0
6597	703.0
6598	691.4
6599	681.6
6600	680.2
6601	684.6
6602	689.4
6603	693.8
6604	697.8
6605	699.0
6606	702.2
6607	705.8
6608	708.0
6609	708.0
6610	705.0
6611	695.2
6612	683.0
6613	671.4
6614	661.0
6615	654.6
6616	649.8
6617	646.0
6618	642.8
6619	638.2
6620	631.8
6621	626.8
6622	622.4
6623	617.8
6624	612.8
6625	602.6
6626	588.8
6627	576.0
6628	564.2
6629	553.0
6630	540.8
6631	531.2
6632	524.2
6633	518.8
6634	516.8
6635	522.0
6636	534.8
6637	548.8
6638	563.2
6639	576.2
6640	591.0
6641	610.4
6642	629.6
6643	646.4
6644	662.0
6645	670.6
6646	670.2
6647	665.0
6648	659.6
6649	654.6
6650	646.6
6651	635.0
6652	623.4
6653	613.4
6654	604.4
6655	599.4
6656	599.4
6657	599.8
6658	600.4
6659	600.6
6660	600.6
6661	604.0
6662	609.8
6663	615.6
6664	621.8
6665	626.4
6666	628.4
6667	630.6
6668	633.0
6669	636.8
6670	642.6
6671	652.4
6672	663.4
6673	674.8
6674	686.8
6675	708.8
6676	737.0
6677	764.6
6678	790.4
6679	815.6
6680	833.6
6681	847.0
6682	860.0
6683	871.0
6684	880.2
6685	880.2
6686	865.2
6687	845.6
6688	830.0
6689	816.2
6690	808.0
6691	806.0
6692	805.8
6693	805.8
6694	805.8
6695	811.4
6696	820.8
6697	830.2
6698	837.8
6699	845.2
6700	845.4
6701	840.8
6702	834.6
6703	827.4
6704	819.6
6705	806.0
6706	785.8
6707	766.6
6708	748.8
6709	733.0
6710	715.0
6711	701.0
6712	689.2
6713	678.4
6714	669.2
6715	668.4
6716	670.8
6717	674.0
6718	676.8
6719	676.8
6720	674.8
6721	673.2
6722	672.0
6723	670.8
6724	668.8
6725	666.0
6726	657.0
6727	648.6
6728	641.4
6729	635.4
6730	627.8
6731	624.2
6732	623.0
6733	622.4
6734	622.4
6735	622.4
6736	623.8
6737	626.0
6738	628.8
6739	634.2
6740	641.8
6741	652.8
6742	665.0
6743	677.0
6744	688.4
6745	701.8
6746	714.2
6747	728.6
6748	741.2
6749	752.2
6750	760.4
6751	766.0
6752	771.0
6753	776.0
6754	781.2
6755	800.8
6756	822.4
6757	842.4
6758	858.6
6759	874.2
6760	880.0
6761	880.0
6762	880.0
6763	878.2
6764	873.2
6765	860.2
6766	830.4
6767	799.2
6768	771.8
6769	746.6
6770	721.4
6771	704.0
6772	690.6
6773	678.8
6774	667.8
6775	663.0
6776	663.0
6777	664.4
6778	666.0
6779	666.0
6780	665.2
6781	666.6
6782	668.2
6783	670.2
6784	672.2
6785	672.2
6786	671.2
6787	670.4
6788	670.4
6789	670.4
6790	671.2
6791	676.6
6792	683.2
6793	690.4
6794	698.2
6795	708.6
6796	721.8
6797	734.8
6798	748.2
6799	762.6
6800	778.8
6801	796.0
6802	814.0
6803	832.4
6804	850.4
6805	896.0
6806	935.6
6807	970.2
6808	1001.2
6809	1027.6
6810	1040.4
6811	1047.6
6812	1050.4
6813	1050.4
6814	1047.8
6815	1036.6
6816	998.0
6817	957.6
6818	920.2
6819	884.2
6820	849.4
6821	830.2
6822	813.6
6823	798.2
6824	784.6
6825	769.8
6826	760.2
6827	753.6
6828	747.8
6829	744.2
6830	746.8
6831	750.2
6832	753.0
6833	754.4
6834	754.4
6835	747.8
6836	742.0
6837	736.8
6838	731.4
6839	726.2
6840	718.2
6841	703.4
6842	689.2
6843	677.0
6844	666.8
6845	664.6
6846	669.8
6847	677.4
6848	684.6
6849	691.2
6850	693.6
6851	699.0
6852	704.2
6853	709.0
6854	713.4
6855	719.6
6856	720.6
6857	720.6
6858	720.8
6859	721.2
6860	725.6
6861	735.4
6862	744.0
6863	751.8
6864	758.8
6865	764.4
6866	765.0
6867	765.0
6868	764.2
6869	763.6
6870	757.2
6871	746.2
6872	733.4
6873	721.2
6874	709.4
6875	690.8
6876	673.8
6877	658.2
6878	644.8
6879	633.6
6880	625.2
6881	622.2
6882	621.0
6883	620.4
6884	620.4
6885	619.4
6886	624.2
6887	629.0
6888	634.0
6889	639.4
6890	649.0
6891	657.2
6892	664.2
6893	671.4
6894	680.6
6895	690.0
6896	702.2
6897	714.2
6898	725.8
6899	736.2
6900	745.4
6901	748.4
6902	750.6
6903	752.4
6904	752.4
6905	751.6
6906	750.2
6907	748.8
6908	747.8
6909	747.4
6910	748.0
6911	748.8
6912	749.2
6913	749.2
6914	749.2
6915	749.2
6916	748.6
6917	747.8
6918	746.4
6919	744.0
6920	741.0
6921	734.4
6922	727.6
6923	720.8
6924	714.0
6925	705.8
6926	697.6
6927	690.0
6928	682.4
6929	675.2
6930	667.0
6931	659.6
6932	653.6
6933	648.4
6934	644.0
6935	639.2
6936	636.2
6937	633.8
6938	631.6
6939	630.4
6940	627.2
6941	626.2
6942	626.2
6943	626.4
6944	626.6
6945	630.0
6946	635.4
6947	641.4
6948	647.6
6949	653.2
6950	663.2
6951	676.8
6952	690.6
6953	703.6
6954	715.0
6955	728.0
6956	737.8
6957	744.6
6958	752.0
6959	757.8
6960	761.2
6961	759.8
6962	757.4
6963	754.6
6964	752.2
6965	749.0
6966	743.6
6967	737.8
6968	733.0
6969	727.0
6970	722.4
6971	719.0
6972	716.6
6973	714.6
6974	712.6
6975	710.2
6976	709.0
6977	708.6
6978	708.0
6979	707.2
6980	706.2
6981	705.0
6982	703.4
6983	702.4
6984	700.4
6985	697.2
6986	693.6
6987	690.6
6988	687.4
6989	684.2
6990	680.2
6991	676.2
6992	672.6
6993	669.4
6994	665.4
6995	660.0
6996	654.8
6997	651.0
6998	648.2
6999	648.2
7000	651.6
7001	657.8
7002	664.6
7003	671.0
7004	677.8
7005	685.0
7006	695.0
7007	706.4
7008	717.2
7009	727.4
7010	736.8
7011	741.0
7012	744.4
7013	747.8
7014	751.4
7015	755.2
7016	759.2
7017	763.2
7018	767.8
7019	772.0
7020	775.6
7021	779.6
7022	784.0
7023	788.6
7024	793.4
7025	801.4
7026	810.6
7027	819.8
7028	829.0
7029	838.0
7030	854.6
7031	873.0
7032	890.0
7033	905.2
7034	918.0
7035	929.6
7036	936.6
7037	941.6
7038	945.6
7039	946.6
7040	943.8
7041	932.4
7042	921.2
7043	910.6
7044	900.2
7045	892.0
7046	884.0
7047	876.4
7048	869.2
7049	861.0
7050	859.8
7051	861.2
7052	861.8
7053	861.8
7054	861.4
7055	856.2
7056	847.4
7057	839.2
7058	831.2
7059	823.0
7060	811.6
7061	796.8
7062	783.4
7063	771.4
7064	761.4
7065	757.2
7066	757.2
7067	758.2
7068	759.2
7069	760.8
7070	766.2
7071	776.0
7072	785.4
7073	793.8
7074	800.8
7075	801.0
7076	797.6
7077	793.6
7078	789.2
7079	784.2
7080	774.6
7081	761.6
7082	749.4
7083	739.0
7084	729.0
7085	727.6
7086	731.2
7087	735.0
7088	738.8
7089	741.4
7090	742.0
7091	746.2
7092	749.6
7093	752.0
7094	752.2
7095	752.2
7096	745.8
7097	736.4
7098	727.8
7099	719.8
7100	713.4
7101	709.6
7102	706.4
7103	703.2
7104	700.8
7105	700.8
7106	700.8
7107	700.8
7108	700.4
7109	699.6
7110	698.8
7111	697.2
7112	694.4
7113	691.4
7114	687.4
7115	682.2
7116	673.2
7117	663.4
7118	653.4
7119	644.4
7120	640.2
7121	635.8
7122	629.8
7123	622.6
7124	614.0
7125	599.8
7126	586.2
7127	572.6
7128	558.6
7129	544.2
7130	525.6
7131	502.6
7132	480.2
7133	459.0
7134	439.6
7135	420.6
7136	406.8
7137	394.4
7138	383.0
7139	372.4
7140	362.4
7141	356.6
7142	351.2
7143	346.2
7144	342.6
7145	337.2
7146	332.6
7147	328.8
7148	325.6
7149	322.8
7150	317.4
7151	312.0
7152	307.8
7153	305.0
7154	303.2
7155	302.0
7156	303.2
7157	306.4
7158	310.6
7159	315.8
7160	324.0
7161	336.6
7162	350.6
7163	365.6
7164	381.0
7165	399.6
7166	422.0
7167	443.8
7168	466.0
7169	488.0
7170	510.2
7171	530.0
7172	548.6
7173	567.6
7174	585.4
7175	604.8
7176	620.4
7177	633.2
7178	645.4
7179	657.8
7180	674.6
7181	689.4
7182	702.4
7183	713.8
7184	724.0
7185	732.6
7186	736.6
7187	738.4
7188	738.4
7189	738.4
7190	738.0
7191	731.2
7192	724.4
7193	717.6
7194	710.8
7195	703.0
7196	695.6
7197	688.4
7198	681.2
7199	673.6
7200	666.0
7201	658.4
7202	650.8
7203	644.0
7204	637.6
7205	631.6
7206	626.4
7207	621.4
7208	616.8
7209	611.8
7210	609.8
7211	608.6
7212	606.8
7213	604.4
7214	601.0
7215	596.6
7216	591.0
7217	584.8
7218	578.2
7219	570.8
7220	561.4
7221	548.4
7222	535.6
7223	523.0
7224	509.6
7225	496.8
7226	485.2
7227	474.2
7228	463.4
7229	453.2
7230	444.0
7231	437.2
7232	431.6
7233	425.6
7234	420.4
7235	414.8
7236	409.0
7237	403.8
7238	399.2
7239	395.2
7240	389.2
7241	382.6
7242	377.0
7243	372.0
7244	367.4
7245	362.8
7246	360.2
7247	359.6
7248	359.6
7249	359.8
7250	361.8
7251	367.2
7252	373.8
7253	380.4
7254	386.4
7255	394.2
7256	403.0
7257	412.4
7258	420.8
7259	430.2
7260	436.6
7261	440.2
7262	443.6
7263	447.0
7264	451.4
7265	457.4
7266	462.4
7267	467.8
7268	473.4
7269	480.8
7270	493.0
7271	509.4
7272	527.0
7273	544.0
7274	560.8
7275	579.2
7276	595.6
7277	611.0
7278	624.8
7279	637.2
7280	644.6
7281	644.2
7282	642.0
7283	639.6
7284	636.8
7285	633.0
7286	625.8
7287	619.0
7288	611.8
7289	606.0
7290	602.0
7291	600.8
7292	600.2
7293	599.4
7294	598.0
7295	596.4
7296	594.8
7297	593.0
7298	590.8
7299	589.2
7300	583.2
7301	575.6
7302	566.8
7303	558.0
7304	550.0
7305	541.0
7306	531.8
7307	523.8
7308	516.2
7309	510.0
7310	502.2
7311	497.6
7312	494.2
7313	491.8
7314	491.6
7315	491.6
7316	494.4
7317	498.8
7318	503.2
7319	508.4
7320	514.8
7321	524.4
7322	534.4
7323	543.8
7324	553.6
7325	564.0
7326	573.8
7327	583.2
7328	591.8
7329	600.8
7330	609.6
7331	616.6
7332	622.2
7333	628.4
7334	635.2
7335	641.8
7336	648.0
7337	654.8
7338	661.4
7339	668.4
7340	682.8
7341	697.6
7342	711.6
7343	724.0
7344	734.2
7345	744.6
7346	753.2
7347	760.2
7348	764.8
7349	765.0
7350	763.6
7351	750.6
7352	736.4
7353	721.8
7354	707.0
7355	689.2
7356	668.4
7357	648.0
7358	629.6
7359	612.2
7360	593.6
7361	576.8
7362	561.8
7363	547.8
7364	535.4
7365	523.8
7366	516.0
7367	509.8
7368	504.6
7369	500.4
7370	500.4
7371	502.8
7372	506.0
7373	508.6
7374	511.2
7375	514.6
7376	518.0
7377	521.0
7378	523.2
7379	524.6
7380	524.8
7381	522.6
7382	519.0
7383	515.4
7384	511.6
7385	507.8
7386	502.6
7387	496.8
7388	490.8
7389	484.0
7390	478.8
7391	472.6
7392	465.2
7393	458.0
7394	449.6
7395	440.0
7396	429.0
7397	417.6
7398	406.2
7399	394.4
7400	381.2
7401	365.0
7402	349.0
7403	334.8
7404	320.2
7405	302.2
7406	286.6
7407	272.6
7408	259.6
7409	247.8
7410	235.2
7411	225.0
7412	217.2
7413	210.6
7414	205.0
7415	199.0
7416	199.0
7417	199.8
7418	201.6
7419	204.8
7420	209.0
7421	217.2
7422	227.0
7423	238.0
7424	248.6
7425	262.4
7426	279.4
7427	296.6
7428	314.8
7429	333.4
7430	356.6
7431	381.0
7432	404.6
7433	428.8
7434	450.8
7435	479.4
7436	505.4
7437	529.0
7438	551.2
7439	572.2
7440	593.8
7441	608.0
7442	619.4
7443	629.2
7444	637.2
7445	641.8
7446	640.8
7447	638.0
7448	634.6
7449	630.4
7450	621.8
7451	609.6
7452	597.0
7453	585.2
7454	574.2
7455	563.0
7456	552.2
7457	543.0
7458	535.0
7459	527.8
7460	524.8
7461	525.6
7462	527.2
7463	528.8
7464	530.8
7465	532.8
7466	536.2
7467	539.6
7468	542.8
7469	545.0
7470	545.0
7471	543.2
7472	541.2
7473	539.2
7474	537.8
7475	535.0
7476	532.2
7477	530.0
7478	528.4
7479	527.6
7480	527.6
7481	529.8
7482	532.2
7483	535.4
7484	537.0
7485	540.2
7486	544.8
7487	548.8
7488	553.0
7489	555.4
7490	559.8
7491	561.6
7492	561.8
7493	561.8
7494	561.8
7495	560.8
7496	557.2
7497	553.2
7498	549.0
7499	544.6
7500	537.8
7501	527.4
7502	518.2
7503	509.6
7504	503.4
7505	496.0
7506	492.4
7507	489.8
7508	489.0
7509	489.0
7510	492.6
7511	500.2
7512	511.8
7513	523.0
7514	534.6
7515	548.4
7516	564.0
7517	579.2
7518	593.6
7519	606.4
7520	622.8
7521	635.8
7522	647.2
7523	658.4
7524	667.8
7525	678.8
7526	687.0
7527	693.0
7528	697.4
7529	699.6
7530	704.6
7531	704.6
7532	702.6
7533	699.0
7534	693.6
7535	687.8
7536	676.8
7537	662.6
7538	647.4
7539	632.4
7540	610.8
7541	586.6
7542	561.6
7543	538.0
7544	517.6
7545	492.2
7546	466.6
7547	443.0
7548	421.8
7549	401.8
7550	382.4
7551	368.0
7552	355.0
7553	343.4
7554	333.2
7555	320.4
7556	312.8
7557	307.6
7558	303.2
7559	299.8
7560	298.2
7561	298.2
7562	300.0
7563	302.6
7564	305.6
7565	309.4
7566	315.6
7567	323.0
7568	330.2
7569	337.8
7570	346.6
7571	356.8
7572	367.4
7573	377.4
7574	388.0
7575	399.0
7576	410.8
7577	422.4
7578	433.8
7579	444.6
7580	455.6
7581	465.4
7582	474.4
7583	482.8
7584	491.8
7585	501.0
7586	509.6
7587	518.0
7588	526.2
7589	533.6
7590	546.0
7591	561.0
7592	575.2
7593	588.0
7594	599.8
7595	611.0
7596	619.0
7597	625.6
7598	630.8
7599	633.0
7600	630.6
7601	620.8
7602	608.6
7603	597.4
7604	588.2
7605	576.4
7606	564.6
7607	554.0
7608	544.8
7609	538.0
7610	535.2
7611	538.2
7612	542.2
7613	546.8
7614	552.2
7615	557.8
7616	568.0
7617	579.0
7618	589.4
7619	600.2
7620	614.0
7621	626.0
7622	635.8
7623	645.4
7624	654.2
7625	663.2
7626	671.0
7627	676.8
7628	681.6
7629	685.6
7630	687.4
7631	685.4
7632	682.2
7633	678.4
7634	675.2
7635	668.6
7636	660.6
7637	651.6
7638	643.2
7639	634.4
7640	625.0
7641	614.8
7642	604.4
7643	595.0
7644	586.0
7645	574.8
7646	565.4
7647	556.2
7648	547.6
7649	539.6
7650	529.8
7651	520.8
7652	512.6
7653	505.2
7654	498.2
7655	489.8
7656	483.4
7657	478.4
7658	474.0
7659	470.4
7660	466.6
7661	466.6
7662	466.6
7663	466.6
7664	467.0
7665	467.6
7666	471.0
7667	474.6
7668	478.6
7669	483.0
7670	487.6
7671	493.8
7672	500.0
7673	506.6
7674	513.6
7675	520.8
7676	528.4
7677	536.2
7678	543.4
7679	551.8
7680	561.2
7681	571.4
7682	581.2
7683	591.0
7684	600.8
7685	611.6
7686	622.4
7687	633.4
7688	643.6
7689	654.4
7690	666.0
7691	676.4
7692	685.4
7693	694.4
7694	703.0
7695	712.8
7696	721.2
7697	728.6
7698	735.6
7699	742.2
7700	749.8
7701	756.4
7702	762.0
7703	767.2
7704	772.2
7705	777.0
7706	779.8
7707	782.0
7708	783.8
7709	783.8
7710	783.8
7711	781.8
7712	779.2
7713	776.6
7714	773.2
7715	769.8
7716	766.0
7717	762.0
7718	758.2
7719	754.6
7720	751.0
7721	748.8
7722	747.0
7723	745.2
7724	743.6
7725	741.8
7726	740.0
7727	738.2
7728	736.6
7729	735.0
7730	733.6
7731	732.4
7732	731.0
7733	729.8
7734	728.0
7735	726.0
7736	724.6
7737	723.2
7738	722.4
7739	722.4
7740	722.6
7741	723.2
7742	723.4
7743	723.6
7744	723.8
7745	724.8
7746	725.4
7747	725.4
7748	725.4
7749	725.4
7750	722.6
7751	716.8
7752	710.8
7753	705.0
7754	700.2
7755	696.8
7756	693.6
7757	691.0
7758	688.6
7759	688.6
7760	690.8
7761	696.4
7762	702.6
7763	708.0
7764	713.6
7765	718.6
7766	722.2
7767	725.0
7768	725.4
7769	725.4
7770	723.8
7771	717.4
7772	709.6
7773	701.4
7774	693.2
7775	681.0
7776	666.6
7777	652.2
7778	639.4
7779	626.2
7780	611.6
7781	596.2
7782	583.4
7783	571.2
7784	561.2
7785	550.8
7786	544.0
7787	539.8
7788	537.6
7789	537.6
7790	544.8
7791	558.2
7792	574.0
7793	589.4
7794	605.2
7795	625.2
7796	646.4
7797	669.6
7798	690.4
7799	709.8
7800	727.6
7801	735.2
7802	738.4
7803	740.0
7804	740.0
7805	740.0
7806	733.8
7807	726.8
7808	719.6
7809	712.0
7810	701.0
7811	689.4
7812	678.0
7813	666.6
7814	656.2
7815	644.4
7816	632.0
7817	620.4
7818	609.6
7819	599.2
7820	590.2
7821	584.0
7822	578.2
7823	573.2
7824	568.8
7825	564.0
7826	561.4
7827	559.8
7828	558.4
7829	556.8
7830	553.0
7831	549.8
7832	547.2
7833	545.0
7834	543.6
7835	543.6
7836	543.6
7837	544.0
7838	544.8
7839	546.2
7840	549.8
7841	557.2
7842	564.4
7843	571.8
7844	578.8
7845	586.6
7846	594.2
7847	601.2
7848	608.2
7849	614.8
7850	620.6
7851	624.4
7852	627.0
7853	629.2
7854	630.4
7855	630.4
7856	629.4
7857	627.6
7858	625.6
7859	622.6
7860	617.0
7861	611.8
7862	606.8
7863	603.0
7864	600.2
7865	598.4
7866	598.4
7867	598.4
7868	600.6
7869	602.6
7870	609.2
7871	619.8
7872	630.6
7873	641.8
7874	653.0
7875	669.6
7876	686.0
7877	702.2
7878	718.4
7879	732.4
7880	752.4
7881	769.4
7882	783.6
7883	796.2
7884	808.0
7885	823.6
7886	833.6
7887	841.4
7888	846.6
7889	848.8
7890	848.8
7891	841.4
7892	831.6
7893	820.0
7894	805.8
7895	789.8
7896	767.2
7897	741.8
7898	717.2
7899	692.6
7900	662.8
7901	634.4
7902	607.8
7903	582.4
7904	557.6
7905	530.6
7906	505.4
7907	482.4
7908	460.2
7909	439.8
7910	421.0
7911	407.2
7912	394.4
7913	382.8
7914	372.0
7915	359.6
7916	351.2
7917	344.2
7918	338.2
7919	333.2
7920	327.2
7921	322.2
7922	318.2
7923	315.4
7924	313.4
7925	312.2
7926	313.4
7927	315.4
7928	318.4
7929	322.2
7930	326.8
7931	334.2
7932	342.4
7933	350.6
7934	359.8
7935	373.6
7936	389.6
7937	405.2
7938	421.0
7939	435.2
7940	447.0
7941	458.2
7942	468.4
7943	477.2
7944	484.4
7945	489.2
7946	488.8
7947	486.6
7948	484.6
7949	482.6
7950	481.6
7951	481.6
7952	481.6
7953	481.6
7954	482.2
7955	483.4
7956	485.2
7957	487.4
7958	490.0
7959	493.0
7960	496.4
7961	500.2
7962	504.4
7963	509.0
7964	513.2
7965	520.4
7966	527.8
7967	535.2
7968	542.6
7969	550.0
7970	557.8
7971	565.6
7972	573.0
7973	580.4
7974	587.0
7975	595.6
7976	601.6
7977	607.4
7978	612.8
7979	617.6
7980	627.4
7981	637.6
7982	646.4
7983	654.0
7984	661.0
7985	662.6
7986	662.4
7987	660.6
7988	657.8
7989	654.0
7990	643.8
7991	627.6
7992	611.2
7993	596.4
7994	583.6
7995	571.8
7996	563.2
7997	556.2
7998	550.2
7999	545.4
8000	540.4
8001	540.4
8002	541.0
8003	541.6
8004	542.6
8005	543.0
8006	543.4
8007	544.0
8008	545.2
8009	547.0
8010	549.0
8011	553.8
8012	559.8
8013	566.0
8014	572.8
8015	580.0
8016	588.6
8017	597.4
8018	606.4
8019	615.4
8020	624.6
8021	633.4
8022	642.2
8023	651.2
8024	660.6
8025	672.8
8026	685.6
8027	697.6
8028	709.0
8029	719.4
8030	729.0
8031	738.8
8032	748.0
8033	756.2
8034	763.0
8035	769.2
8036	771.4
8037	771.6
8038	771.6
8039	772.4
8040	773.8
8041	775.8
8042	777.4
8043	779.0
8044	782.2
8045	786.8
8046	792.6
8047	798.2
8048	804.0
8049	810.4
8050	816.8
8051	823.4
8052	829.8
8053	836.2
8054	843.0
8055	848.8
8056	854.4
8057	860.2
8058	866.8
8059	874.2
8060	881.6
8061	889.0
8062	896.6
8063	903.8
8064	910.6
8065	916.8
8066	923.4
8067	929.8
8068	935.4
8069	940.2
8070	945.0
8071	949.2
8072	952.6
8073	955.2
8074	957.6
8075	962.6
8076	967.8
8077	972.0
8078	975.4
8079	978.2
8080	985.2
8081	990.8
8082	994.2
8083	995.2
8084	995.2
8085	991.8
8086	982.8
8087	972.0
8088	960.2
8089	948.0
8090	931.6
8091	908.0
8092	882.6
8093	858.2
8094	837.2
8095	813.4
8096	792.0
8097	773.6
8098	756.2
8099	740.8
8100	724.2
8101	712.0
8102	701.6
8103	692.8
8104	685.6
8105	681.2
8106	681.2
8107	682.8
8108	684.6
8109	686.6
8110	695.8
8111	708.4
8112	719.4
8113	729.4
8114	738.0
8115	741.8
8116	741.8
8117	741.0
8118	738.6
8119	734.8
8120	725.6
8121	706.8
8122	687.6
8123	669.4
8124	652.0
8125	632.4
8126	615.2
8127	599.8
8128	586.8
8129	575.4
8130	574.0
8131	577.0
8132	581.0
8133	584.2
8134	586.4
8135	589.6
8136	596.4
8137	602.0
8138	605.0
8139	605.0
8140	600.0
8141	585.0
8142	567.8
8143	551.0
8144	535.6
8145	516.8
8146	496.8
8147	478.6
8148	461.6
8149	446.2
8150	434.0
8151	426.0
8152	419.8
8153	414.4
8154	410.2
8155	404.4
8156	404.2
8157	404.2
8158	404.6
8159	405.4
8160	407.0
8161	409.0
8162	411.4
8163	414.4
8164	417.8
8165	419.8
8166	424.4
8167	429.2
8168	434.2
8169	439.8
8170	443.4
8171	446.8
8172	450.4
8173	454.8
8174	460.0
8175	466.2
8176	474.4
8177	483.0
8178	492.0
8179	501.4
8180	513.4
8181	529.0
8182	544.2
8183	559.8
8184	575.6
8185	592.8
8186	609.2
8187	624.4
8188	638.6
8189	652.0
8190	665.4
8191	675.0
8192	682.8
8193	690.4
8194	698.0
8195	705.6
8196	710.4
8197	715.2
8198	720.8
8199	726.0
8200	734.0
8201	742.2
8202	750.8
8203	760.0
8204	769.2
8205	778.6
8206	788.0
8207	796.6
8208	805.8
8209	815.8
8210	827.0
8211	836.2
8212	845.0
8213	854.4
8214	864.8
8215	874.6
8216	884.0
8217	892.8
8218	902.0
8219	910.2
8220	922.0
8221	932.2
8222	941.2
8223	949.2
8224	957.0
8225	963.8
8226	969.4
8227	973.8
8228	977.8
8229	981.4
8230	982.6
8231	979.8
8232	976.4
8233	972.6
8234	967.2
8235	965.0
8236	962.8
8237	960.4
8238	957.2
8239	953.0
8240	942.2
8241	930.0
8242	918.2
8243	906.4
8244	896.0
8245	883.2
8246	867.6
8247	852.0
8248	839.8
8249	830.0
8250	830.0
8251	834.8
8252	840.0
8253	844.6
8254	848.6
8255	855.8
8256	866.0
8257	874.0
8258	878.4
8259	878.4
8260	870.8
8261	850.8
8262	832.2
8263	813.2
8264	794.0
8265	770.2
8266	742.0
8267	714.6
8268	689.0
8269	665.2
8270	639.6
8271	620.6
8272	603.2
8273	587.8
8274	574.0
8275	564.0
8276	559.4
8277	556.2
8278	553.2
8279	550.2
8280	548.2
8281	548.2
8282	548.2
8283	548.2
8284	548.2
8285	547.8
8286	544.8
8287	541.2
8288	537.8
8289	534.8
8290	532.0
8291	530.6
8292	529.4
8293	528.2
8294	527.0
8295	524.4
8296	521.8
8297	519.0
8298	516.6
8299	514.4
8300	514.4
8301	514.4
8302	514.2
8303	513.8
8304	513.0
8305	511.6
8306	511.6
8307	511.4
8308	511.0
8309	510.2
8310	507.8
8311	502.2
8312	497.2
8313	492.2
8314	487.4
8315	483.0
8316	479.2
8317	476.0
8318	473.0
8319	470.4
8320	466.0
8321	463.2
8322	461.4
8323	460.4
8324	460.4
8325	463.8
8326	468.8
8327	473.6
8328	478.0
8329	482.2
8330	484.2
8331	488.0
8332	491.4
8333	494.4
8334	495.2
8335	492.8
8336	486.6
8337	478.8
8338	471.8
8339	466.0
8340	463.0
8341	463.0
8342	463.0
8343	463.6
8344	465.0
8345	470.8
8346	481.4
8347	491.4
8348	500.6
8349	509.8
8350	517.2
8351	522.2
8352	525.6
8353	528.4
8354	528.6
8355	522.8
8356	513.2
8357	503.0
8358	494.0
8359	486.0
8360	481.4
8361	479.0
8362	476.6
8363	474.2
8364	471.8
8365	465.2
8366	465.0
8367	464.6
8368	464.2
8369	463.8
8370	460.8
8371	454.8
8372	448.2
8373	442.6
8374	438.2
8375	437.2
8376	440.0
8377	443.4
8378	447.0
8379	450.6
8380	454.4
8381	460.4
8382	467.0
8383	473.8
8384	480.4
8385	488.6
8386	495.8
8387	502.6
8388	509.4
8389	516.6
8390	527.6
8391	539.4
8392	550.4
8393	561.2
8394	570.4
8395	571.6
8396	571.6
8397	571.2
8398	570.8
8399	570.4
8400	569.8
8401	565.2
8402	560.0
8403	556.2
8404	553.2
8405	551.0
8406	555.0
8407	559.6
8408	564.4
8409	569.8
8410	577.0
8411	584.6
8412	592.2
8413	599.8
8414	608.8
8415	618.8
8416	630.6
8417	642.6
8418	654.8
8419	667.0
8420	675.8
8421	683.0
8422	690.6
8423	698.8
8424	708.2
8425	723.6
8426	741.2
8427	757.6
8428	773.8
8429	789.0
8430	806.8
8431	827.6
8432	846.6
8433	866.0
8434	883.8
8435	895.6
8436	895.6
8437	890.6
8438	885.2
8439	879.4
8440	867.6
8441	850.6
8442	837.4
8443	825.4
8444	814.8
8445	800.6
8446	790.8
8447	783.6
8448	778.0
8449	776.0
8450	779.6
8451	790.0
8452	802.2
8453	814.2
8454	827.6
8455	842.2
8456	864.0
8457	885.8
8458	905.6
8459	923.0
8460	946.4
8461	961.6
8462	973.8
8463	984.6
8464	992.0
8465	989.8
8466	985.2
8467	978.4
8468	971.4
8469	963.8
8470	950.8
8471	930.4
8472	910.6
8473	891.0
8474	872.0
8475	854.6
8476	847.6
8477	843.0
8478	839.8
8479	839.8
8480	850.0
8481	868.2
8482	885.8
8483	902.4
8484	917.2
8485	936.4
8486	955.4
8487	973.0
8488	987.4
8489	998.2
8490	1003.4
8491	994.6
8492	983.4
8493	971.4
8494	958.8
8495	940.4
8496	915.0
8497	888.6
8498	861.2
8499	837.8
8500	811.8
8501	788.8
8502	769.0
8503	750.2
8504	734.0
8505	718.6
8506	708.2
8507	699.8
8508	692.4
8509	685.6
8510	676.6
8511	672.8
8512	669.6
8513	667.0
8514	665.6
8515	665.6
8516	665.6
8517	665.8
8518	666.6
8519	668.0
8520	680.0
8521	695.6
8522	709.8
8523	723.2
8524	733.2
8525	739.6
8526	742.2
8527	742.2
8528	741.2
8529	738.2
8530	720.6
8531	691.4
8532	663.0
8533	638.2
8534	615.8
8535	592.4
8536	570.2
8537	551.8
8538	537.4
8539	526.2
8540	523.8
8541	535.4
8542	548.2
8543	562.0
8544	575.2
8545	591.0
8546	611.8
8547	635.4
8548	658.4
8549	681.2
8550	704.8
8551	721.6
8552	733.0
